#Layer_Color=8388736
#
#Feature symbol names
#
$0 r3.937
$1 r11.811
$2 r7.874

#
#Feature attribute names
#
@0 .nomenclature
@1 .string
@2 .string_angle

#
#Feature attribute text strings
#
&0 BOARD OUTLINE

#
#Layer features
#
A 3.6209449 3.7988976 3.6209449 3.7988976 3.6150394 3.7988976 1 P 0 N
A 3.7844488 4.5738189 3.7844488 4.5738189 3.7647637 4.5738189 0 P 0 N
A 3.8690945 4.5738189 3.8690945 4.5738189 3.7647637 4.5738189 0 P 0 N
A 3.886811 4.5738189 3.886811 4.5738189 3.7647637 4.5738189 0 P 0 N
A 4.0492124 3.8198819 4.0492124 3.8198819 4.0295274 3.8198819 0 P 0 N
A 4.4507873 1.3838582 4.4606298 1.3740157 4.4606298 1.3838582 0 P 0 N
A 4.4606298 1.5629921 4.4507873 1.5531496 4.4606298 1.5531496 0 P 0 N
A 4.5580708 1.5334646 4.5580708 1.4035432 4.5580708 1.4685039 0 P 0 N
A 4.5580708 1.5590551 4.5580708 1.3779527 4.5580708 1.4685039 0 P 0 N
A 4.7332676 3.6515748 4.7332676 3.6515748 4.7135826 3.6515748 0 P 0 N
A 4.7785434 1.3779527 4.7785434 1.5590551 4.7785434 1.4685039 0 P 0 N
A 4.7785434 1.4035432 4.7785434 1.5334646 4.7785434 1.4685039 0 P 0 N
A 4.8198818 4.5688977 4.8198818 4.5688977 4.8001967 4.5688977 0 P 0 N
A 4.8572835 1.8996063 4.8572835 1.8996063 4.8375985 1.8996063 0 P 0 N
A 4.8759844 1.3740157 4.8858269 1.3838582 4.8759844 1.3838582 0 P 0 N
A 4.8858269 1.5531496 4.8759844 1.5629921 4.8759844 1.5531496 0 P 0 N
A 4.9045275 4.5688977 4.9045275 4.5688977 4.8001967 4.5688977 0 P 0 N
A 4.922244 4.5688977 4.922244 4.5688977 4.8001967 4.5688977 0 P 0 N
A 6.244017 -0.0595318 6.4230232 -0.0638087 6.3355982 0.0253071 0 P 0 N
A 6.2440563 0.8692084 6.4230625 0.8649315 6.3356375 0.9540473 0 P 0 N
A 6.2450013 1.8154682 6.4240075 1.8111913 6.3365825 1.9003071 0 P 0 N
A 6.2480802 2.7487203 6.4270864 2.7444434 6.3396614 2.8335592 0 P 0 N
A 6.2488676 3.6835642 6.4278738 3.6792873 6.3404488 3.7684031 0 P 0 N
A 6.2582009 -0.0595318 6.4129955 -0.0595318 6.3355982 0.0253071 0 P 0 N
A 6.2582402 0.8692084 6.4130348 0.8692084 6.3356375 0.9540473 0 P 0 N
A 6.2591852 1.8154682 6.4139798 1.8154682 6.3365825 1.9003071 0 P 0 N
A 6.2622641 2.7487203 6.4170587 2.7487203 6.3396614 2.8335592 0 P 0 N
A 6.2630515 3.6835642 6.4178461 3.6835642 6.3404488 3.7684031 0 P 0 N
A 6.4129955 0.5654686 6.2582009 0.5654686 6.3355982 0.4806297 0 P 0 N
A 6.4130348 1.4942088 6.2582402 1.4942088 6.3356375 1.4093699 0 P 0 N
A 6.4139798 2.4404686 6.2591852 2.4404686 6.3365825 2.3556297 0 P 0 N
A 6.4170587 3.3737207 6.2622641 3.3737207 6.3396614 3.2888818 0 P 0 N
A 6.4178461 4.3085646 6.2630515 4.3085646 6.3404488 4.2237257 0 P 0 N
A 6.4230231 -0.0638087 6.4263376 -0.0595318 6.4090171 -0.0495318 0 P 0 N
A 6.4230232 0.5697455 6.244017 0.5654686 6.3355982 0.4806297 0 P 0 N
A 6.4230624 0.8649315 6.4263769 0.8692084 6.4090564 0.8792084 0 P 0 N
A 6.4230625 1.4984857 6.2440563 1.4942088 6.3356375 1.4093699 0 P 0 N
A 6.4240074 1.8111913 6.4273219 1.8154682 6.4100014 1.8254682 0 P 0 N
A 6.4240075 2.4447455 6.2450013 2.4404686 6.3365825 2.3556297 0 P 0 N
A 6.4263376 0.5654686 6.4230231 0.5697455 6.4090171 0.5554686 0 P 0 N
A 6.4263769 1.4942088 6.4230624 1.4984857 6.4090564 1.4842088 0 P 0 N
A 6.4270863 2.7444434 6.4304008 2.7487203 6.4130803 2.7587203 0 P 0 N
A 6.4270864 3.3779976 6.2480802 3.3737207 6.3396614 3.2888818 0 P 0 N
A 6.4273219 2.4404686 6.4240074 2.4447455 6.4100014 2.4304686 0 P 0 N
A 6.4278737 3.6792873 6.4311882 3.6835642 6.4138677 3.6935642 0 P 0 N
A 6.4278738 4.3128415 6.2488676 4.3085646 6.3404488 4.2237257 0 P 0 N
A 6.429392 0.007224 6.429392 0.0817126 6.328017 0.0444683 0 P 0 N
A 6.429392 0.4242242 6.429392 0.4987128 6.328017 0.4614685 0 P 0 N
A 6.4294313 0.9359642 6.4294313 1.0104528 6.3280563 0.9732085 0 P 0 N
A 6.4294313 1.3529644 6.4294313 1.427453 6.3280563 1.3902087 0 P 0 N
A 6.4303763 1.882224 6.4303763 1.9567126 6.3290013 1.9194683 0 P 0 N
A 6.4303763 2.2992242 6.4303763 2.3737128 6.3290013 2.3364685 0 P 0 N
A 6.4304008 3.3737207 6.4270863 3.3779976 6.4130803 3.3637207 0 P 0 N
A 6.4311882 4.3085646 6.4278737 4.3128415 6.4138677 4.2985646 0 P 0 N
A 6.4334552 2.8154761 6.4334552 2.8899647 6.3320802 2.8527204 0 P 0 N
A 6.4334552 3.2324763 6.4334552 3.3069649 6.3320802 3.2697206 0 P 0 N
A 6.4342426 3.75032 6.4342426 3.8248086 6.3328676 3.7875643 0 P 0 N
A 6.4342426 4.1673202 6.4342426 4.2418088 6.3328676 4.2045645 0 P 0 N
L 0.0443785 0.6959879 0.0443785 0.8062241 0 P 0
L 0.0443785 0.6959879 0.0955597 0.6959879 0 P 0
L 0.0443785 0.8062241 0.0955597 0.8062241 0 P 0
L 0.0443785 0.8189769 0.0443785 0.9292131 0 P 0
L 0.0443785 0.8189769 0.0955597 0.8189769 0 P 0
L 0.0443785 0.9292131 0.0955597 0.9292131 0 P 0
L 0.0443785 0.9419659 0.0443785 1.0522021 0 P 0
L 0.0443785 0.9419659 0.0955597 0.9419659 0 P 0
L 0.0443785 1.0522021 0.0955597 1.0522021 0 P 0
L 0.0443785 1.0649549 0.0443785 1.1751911 0 P 0
L 0.0443785 1.0649549 0.0955597 1.0649549 0 P 0
L 0.0443785 1.1751911 0.0955597 1.1751911 0 P 0
L 0.0955597 0.6959879 0.0955597 0.8062241 0 P 0
L 0.0955597 0.8189769 0.0955597 0.9292131 0 P 0
L 0.0955597 0.9419659 0.0955597 1.0522021 0 P 0
L 0.0955597 1.0649549 0.0955597 1.1751911 0 P 0
L 0.1092518 1.1368109 0.1092518 1.2470471 0 P 0
L 0.1092518 1.1368109 0.160433 1.1368109 0 P 0
L 0.1092518 1.2470471 0.160433 1.2470471 0 P 0
L 0.1102361 0.8877952 0.1102361 0.9389764 0 P 0
L 0.1102361 0.8877952 0.2204723 0.8877952 0 P 0
L 0.1102361 0.9389764 0.2204723 0.9389764 0 P 0
L 0.1122046 0.8882873 0.1122046 0.9394685 0 P 0
L 0.1122046 0.8882873 0.2224408 0.8882873 0 P 0
L 0.1122046 0.9394685 0.2224408 0.9394685 0 P 0
L 0.1122046 0.9429133 0.1122046 0.9940945 0 P 0
L 0.1122046 0.9429133 0.2224408 0.9429133 0 P 0
L 0.1122046 0.9940945 0.2224408 0.9940945 0 P 0
L 0.1122046 1.0521653 0.1122046 1.1033465 0 P 0
L 0.1122046 1.0521653 0.2224408 1.0521653 0 P 0
L 0.1122046 1.1033465 0.2224408 1.1033465 0 P 0
L 0.1122047 0.8346455 0.1122047 0.8858267 0 P 0
L 0.1122047 0.8346455 0.2224409 0.8346455 0 P 0
L 0.1122047 0.8858267 0.2224409 0.8858267 0 P 0
L 0.1122047 1.0521652 0.1122047 1.1033464 0 P 0
L 0.1122047 1.0521652 0.2224409 1.0521652 0 P 0
L 0.1122047 1.1033464 0.2224409 1.1033464 0 P 0
L 0.1141732 1.1948818 0.1141732 1.246063 0 P 0
L 0.1141732 1.1948818 0.2244094 1.1948818 0 P 0
L 0.1141732 1.246063 0.2244094 1.246063 0 P 0
L 0.160433 1.1368109 0.160433 1.2470471 0 P 0
L 0.1694888 1.1348367 0.1694888 1.2450729 0 P 0
L 0.1694888 1.1348367 0.22067 1.1348367 0 P 0
L 0.1694888 1.2450729 0.22067 1.2450729 0 P 0
L 0.2204723 0.8877952 0.2204723 0.9389764 0 P 0
L 0.22067 1.1348367 0.22067 1.2450729 0 P 0
L 0.2224408 0.8882873 0.2224408 0.9394685 0 P 0
L 0.2224408 0.9429133 0.2224408 0.9940945 0 P 0
L 0.2224408 1.0521653 0.2224408 1.1033465 0 P 0
L 0.2224409 0.8346455 0.2224409 0.8858267 0 P 0
L 0.2224409 1.0521652 0.2224409 1.1033464 0 P 0
L 0.2244094 1.1948818 0.2244094 1.246063 0 P 0
L 0.24311 0.636811 0.24311 0.7470472 0 P 0
L 0.24311 0.636811 0.2942912 0.636811 0 P 0
L 0.24311 0.7470472 0.2942912 0.7470472 0 P 0
L 0.2942912 0.636811 0.2942912 0.7470472 0 P 0
L 0.3307086 1.5324802 0.3307086 1.5836614 0 P 0
L 0.3307086 1.5324802 0.4409448 1.5324802 0 P 0
L 0.3307086 1.5836614 0.4409448 1.5836614 0 P 0
L 0.3484251 1.1348425 0.3484251 1.2450787 0 P 0
L 0.3484251 1.1348425 0.3996063 1.1348425 0 P 0
L 0.3484251 1.2450787 0.3996063 1.2450787 0 P 0
L 0.3779528 0.5669291 0.3779528 0.6181103 0 P 0
L 0.3779528 0.5669291 0.488189 0.5669291 0 P 0
L 0.3779528 0.6181103 0.488189 0.6181103 0 P 0
L -0.3936998 -0.3937002 -0.3936998 4.7244098 0 P 0
L -0.3936998 -0.3937002 6.4340551 -0.3937002 0 P 0
L -0.3936998 4.7244098 6.4340551 4.7244098 0 P 0
L 0.3996063 1.1348425 0.3996063 1.2450787 0 P 0
L 0.4055116 0.636811 0.4055116 0.7470472 0 P 0
L 0.4055116 0.636811 0.4566928 0.636811 0 P 0
L 0.4055116 0.7470472 0.4566928 0.7470472 0 P 0
L 0.4409448 1.5324802 0.4409448 1.5836614 0 P 0
L 0.4517716 1.531496 0.4517716 1.5826772 0 P 0
L 0.4517716 1.531496 0.5620078 1.531496 0 P 0
L 0.4517716 1.5826772 0.5620078 1.5826772 0 P 0
L 0.4566928 0.636811 0.4566928 0.7470472 0 P 0
L 0.4734251 0.640748 0.4734251 0.7509842 0 P 0
L 0.4734251 0.640748 0.5246063 0.640748 0 P 0
L 0.4734251 0.7509842 0.5246063 0.7509842 0 P 0
L 0.488189 0.5669291 0.488189 0.6181103 0 P 0
L 0.5246063 0.640748 0.5246063 0.7509842 0 P 0
L 0.5620078 1.531496 0.5620078 1.5826772 0 P 0
L 0.6092519 0.5757874 0.6092519 0.6860236 0 P 0
L 0.6092519 0.5757874 0.6604331 0.5757874 0 P 0
L 0.6092519 0.6860236 0.6604331 0.6860236 0 P 0
L 0.6604331 0.5757874 0.6604331 0.6860236 0 P 0
L 0.6692913 0.7814959 0.6692913 0.8326771 0 P 0
L 0.6692913 0.7814959 0.6692913 0.8326771 0 P 0
L 0.6692913 0.7814959 0.7795275 0.7814959 0 P 0
L 0.6692913 0.7814959 0.7795275 0.7814959 0 P 0
L 0.6692913 0.8326771 0.7795275 0.8326771 0 P 0
L 0.6692913 0.8326771 0.7795275 0.8326771 0 P 0
L 0.6702755 0.6299211 0.6702755 0.6811023 0 P 0
L 0.6702755 0.6299211 0.7805117 0.6299211 0 P 0
L 0.6702755 0.6811023 0.7805117 0.6811023 0 P 0
L 0.6712598 0.9360235 0.6712598 0.9872047 0 P 0
L 0.6712598 0.9360235 0.6712598 0.9872047 0 P 0
L 0.6712598 0.9360235 0.781496 0.9360235 0 P 0
L 0.6712598 0.9360235 0.781496 0.9360235 0 P 0
L 0.6712598 0.9872047 0.781496 0.9872047 0 P 0
L 0.6712598 0.9872047 0.781496 0.9872047 0 P 0
L 0.6712598 1.0098424 0.6712598 1.0610236 0 P 0
L 0.6712598 1.0098424 0.781496 1.0098424 0 P 0
L 0.6712598 1.0610236 0.781496 1.0610236 0 P 0
L 0.672244 0.6387794 0.672244 0.6899606 0 P 0
L 0.672244 0.6387794 0.7824802 0.6387794 0 P 0
L 0.672244 0.6899606 0.7824802 0.6899606 0 P 0
L 0.6722441 1.0718503 0.6722441 1.1230315 0 P 0
L 0.6722441 1.0718503 0.7824803 1.0718503 0 P 0
L 0.6722441 1.1230315 0.7824803 1.1230315 0 P 0
L 0.7795275 0.7814959 0.7795275 0.8326771 0 P 0
L 0.7795275 0.7814959 0.7795275 0.8326771 0 P 0
L 0.7805117 0.6299211 0.7805117 0.6811023 0 P 0
L 0.781496 0.9360235 0.781496 0.9872047 0 P 0
L 0.781496 0.9360235 0.781496 0.9872047 0 P 0
L 0.781496 1.0098424 0.781496 1.0610236 0 P 0
L 0.7824802 0.6387794 0.7824802 0.6899606 0 P 0
L 0.7824803 1.0718503 0.7824803 1.1230315 0 P 0
L 1.0483443 0.9858558 1.0483443 1.037037 0 P 0
L 1.0483443 0.9858558 1.1585805 0.9858558 0 P 0
L 1.0483443 1.037037 1.1585805 1.037037 0 P 0
L 1.1585805 0.9858558 1.1585805 1.037037 0 P 0
L 2.5610174 4.8602363 2.5806961 4.8602363 2 P 0 ;0,1=0,2=0.000000
L 2.5610174 4.879915 2.5806961 4.879915 2 P 0 ;0,1=0,2=0.000000
L 2.5610174 4.8995937 2.5610174 4.8602363 2 P 0 ;0,1=0,2=0.000000
L 2.5806961 4.8602363 2.5872556 4.8667959 2 P 0 ;0,1=0,2=0.000000
L 2.5806961 4.879915 2.5610174 4.879915 2 P 0 ;0,1=0,2=0.000000
L 2.5806961 4.879915 2.5872556 4.8864745 2 P 0 ;0,1=0,2=0.000000
L 2.5806961 4.8995937 2.5610174 4.8995937 2 P 0 ;0,1=0,2=0.000000
L 2.5872556 4.8667959 2.5872556 4.8733554 2 P 0 ;0,1=0,2=0.000000
L 2.5872556 4.8733554 2.5806961 4.879915 2 P 0 ;0,1=0,2=0.000000
L 2.5872556 4.8864745 2.5872556 4.8930341 2 P 0 ;0,1=0,2=0.000000
L 2.5872556 4.8930341 2.5806961 4.8995937 2 P 0 ;0,1=0,2=0.000000
L 2.6003748 4.8667959 2.6069344 4.8602363 2 P 0 ;0,1=0,2=0.000000
L 2.6003748 4.8930341 2.6003748 4.8667959 2 P 0 ;0,1=0,2=0.000000
L 2.6069344 4.8602363 2.6200535 4.8602363 2 P 0 ;0,1=0,2=0.000000
L 2.6069344 4.8995937 2.6003748 4.8930341 2 P 0 ;0,1=0,2=0.000000
L 2.6200535 4.8602363 2.626613 4.8667959 2 P 0 ;0,1=0,2=0.000000
L 2.6200535 4.8995937 2.6069344 4.8995937 2 P 0 ;0,1=0,2=0.000000
L 2.626613 4.8667959 2.626613 4.8930341 2 P 0 ;0,1=0,2=0.000000
L 2.626613 4.8930341 2.6200535 4.8995937 2 P 0 ;0,1=0,2=0.000000
L 2.6397322 4.8602363 2.6397322 4.8864745 2 P 0 ;0,1=0,2=0.000000
L 2.6397322 4.8864745 2.6528513 4.8995937 2 P 0 ;0,1=0,2=0.000000
L 2.6528513 4.8995937 2.6659704 4.8864745 2 P 0 ;0,1=0,2=0.000000
L 2.6659704 4.8602363 2.6659704 4.879915 2 P 0 ;0,1=0,2=0.000000
L 2.6659704 4.879915 2.6397322 4.879915 2 P 0 ;0,1=0,2=0.000000
L 2.6659704 4.8864745 2.6659704 4.8602363 2 P 0 ;0,1=0,2=0.000000
L 2.6790896 4.8602363 2.6790896 4.8995937 2 P 0 ;0,1=0,2=0.000000
L 2.6790896 4.8995937 2.6987683 4.8995937 2 P 0 ;0,1=0,2=0.000000
L 2.6922087 4.8733554 2.7053278 4.8602363 2 P 0 ;0,1=0,2=0.000000
L 2.6987683 4.8733554 2.6790896 4.8733554 2 P 0 ;0,1=0,2=0.000000
L 2.6987683 4.8995937 2.7053278 4.8930341 2 P 0 ;0,1=0,2=0.000000
L 2.7053278 4.879915 2.6987683 4.8733554 2 P 0 ;0,1=0,2=0.000000
L 2.7053278 4.8930341 2.7053278 4.879915 2 P 0 ;0,1=0,2=0.000000
L 2.718447 4.8602363 2.7381257 4.8602363 2 P 0 ;0,1=0,2=0.000000
L 2.718447 4.8995937 2.718447 4.8602363 2 P 0 ;0,1=0,2=0.000000
L 2.7381257 4.8602363 2.7446852 4.8667959 2 P 0 ;0,1=0,2=0.000000
L 2.7381257 4.8995937 2.718447 4.8995937 2 P 0 ;0,1=0,2=0.000000
L 2.7446852 4.8667959 2.7446852 4.8930341 2 P 0 ;0,1=0,2=0.000000
L 2.7446852 4.8930341 2.7381257 4.8995937 2 P 0 ;0,1=0,2=0.000000
L 2.7971618 4.8667959 2.8037214 4.8602363 2 P 0 ;0,1=0,2=0.000000
L 2.7971618 4.8930341 2.7971618 4.8667959 2 P 0 ;0,1=0,2=0.000000
L 2.8037214 4.8602363 2.8168405 4.8602363 2 P 0 ;0,1=0,2=0.000000
L 2.8037214 4.8995937 2.7971618 4.8930341 2 P 0 ;0,1=0,2=0.000000
L 2.8168405 4.8602363 2.8234 4.8667959 2 P 0 ;0,1=0,2=0.000000
L 2.8168405 4.8995937 2.8037214 4.8995937 2 P 0 ;0,1=0,2=0.000000
L 2.8234 4.8667959 2.8234 4.8930341 2 P 0 ;0,1=0,2=0.000000
L 2.8234 4.8930341 2.8168405 4.8995937 2 P 0 ;0,1=0,2=0.000000
L 2.8365192 4.8667959 2.8430788 4.8602363 2 P 0 ;0,1=0,2=0.000000
L 2.8365192 4.8995937 2.8365192 4.8667959 2 P 0 ;0,1=0,2=0.000000
L 2.8430788 4.8602363 2.8561979 4.8602363 2 P 0 ;0,1=0,2=0.000000
L 2.8561979 4.8602363 2.8627574 4.8667959 2 P 0 ;0,1=0,2=0.000000
L 2.8627574 4.8667959 2.8627574 4.8995937 2 P 0 ;0,1=0,2=0.000000
L 2.8758766 4.8995937 2.9021148 4.8995937 2 P 0 ;0,1=0,2=0.000000
L 2.8889957 4.8995937 2.8889957 4.8602363 2 P 0 ;0,1=0,2=0.000000
L 2.8937002 1.5551178 2.8937008 1.5551172 1 P 0
L 2.9021148 4.8995937 2.8889957 4.8995937 2 P 0 ;0,1=0,2=0.000000
L 2.915234 4.8602363 2.9414722 4.8602363 2 P 0 ;0,1=0,2=0.000000
L 2.915234 4.8995937 2.915234 4.8602363 2 P 0 ;0,1=0,2=0.000000
L 2.9545914 4.8602363 2.9677105 4.8602363 2 P 0 ;0,1=0,2=0.000000
L 2.9545914 4.8995937 2.9677105 4.8995937 2 P 0 ;0,1=0,2=0.000000
L 2.961151 4.8602363 2.9545914 4.8602363 2 P 0 ;0,1=0,2=0.000000
L 2.961151 4.8995937 2.961151 4.8602363 2 P 0 ;0,1=0,2=0.000000
L 2.9677105 4.8995937 2.961151 4.8995937 2 P 0 ;0,1=0,2=0.000000
L 2.9873892 4.8602363 2.9873892 4.8995937 2 P 0 ;0,1=0,2=0.000000
L 2.9873892 4.8995937 3.0136274 4.8602363 2 P 0 ;0,1=0,2=0.000000
L 3.0136274 4.8602363 3.0136274 4.8995937 2 P 0 ;0,1=0,2=0.000000
L 3.0267466 4.8602363 3.0529848 4.8602363 2 P 0 ;0,1=0,2=0.000000
L 3.0267466 4.879915 3.0398657 4.879915 2 P 0 ;0,1=0,2=0.000000
L 3.0267466 4.8995937 3.0267466 4.8602363 2 P 0 ;0,1=0,2=0.000000
L 3.0529848 4.8995937 3.0267466 4.8995937 2 P 0 ;0,1=0,2=0.000000
L 3.4635827 2.1633858 3.4635827 2.214567 0 P 0
L 3.4635827 2.1633858 3.5738189 2.1633858 0 P 0
L 3.4635827 2.214567 3.5738189 2.214567 0 P 0
L 3.4645669 2.2421259 3.4645669 2.2933071 0 P 0
L 3.4645669 2.2421259 3.5748031 2.2421259 0 P 0
L 3.4645669 2.2933071 3.5748031 2.2933071 0 P 0
L 3.4655512 2.0836614 3.4655512 2.1348426 0 P 0
L 3.4655512 2.0836614 3.5757874 2.0836614 0 P 0
L 3.4655512 2.1348426 3.5757874 2.1348426 0 P 0
L 3.4655512 2.3188976 3.4655512 2.3700788 0 P 0
L 3.4655512 2.3188976 3.5757874 2.3188976 0 P 0
L 3.4655512 2.3700788 3.5757874 2.3700788 0 P 0
L 3.5738189 2.1633858 3.5738189 2.214567 0 P 0
L 3.5748031 2.2421259 3.5748031 2.2933071 0 P 0
L 3.5757874 2.0836614 3.5757874 2.1348426 0 P 0
L 3.5757874 2.3188976 3.5757874 2.3700788 0 P 0
L 3.586614 4.1092519 3.586614 4.3139763 0 P 0
L 3.586614 4.1092519 3.8700786 4.1092519 0 P 0
L 3.586614 4.1131889 3.590551 4.1092519 0 P 0
L 3.586614 4.117126 3.5944881 4.1092519 0 P 0
L 3.586614 4.121063 3.5984251 4.1092519 0 P 0
L 3.586614 4.125 3.6023621 4.1092519 0 P 0
L 3.586614 4.128937 3.6062991 4.1092519 0 P 0
L 3.586614 4.132874 3.6102361 4.1092519 0 P 0
L 3.586614 4.3139763 3.8700786 4.3139763 0 P 0
L 3.636811 3.7767716 3.636811 3.8610236 0 P 0
L 3.636811 3.7767716 3.644685 3.7688976 0 P 0
L 3.636811 3.8610236 3.644685 3.8688976 0 P 0
L 3.636811 3.8767716 3.636811 3.9610236 0 P 0
L 3.636811 3.8767716 3.644685 3.8688976 0 P 0
L 3.636811 3.9610236 3.644685 3.9688976 0 P 0
L 3.6387794 4.4478346 3.6387794 4.6998032 0 P 0
L 3.6387794 4.4478346 3.890748 4.4478346 0 P 0
L 3.6387794 4.6998032 3.890748 4.6998032 0 P 0
L 3.644685 3.7688976 3.7253938 3.7688976 0 P 0
L 3.644685 3.8688976 3.7253938 3.8688976 0 P 0
L 3.644685 3.9688976 3.7253938 3.9688976 0 P 0
L 3.7253938 3.7688976 3.7332678 3.7767716 0 P 0
L 3.7253938 3.8688976 3.7332678 3.8610236 0 P 0
L 3.7253938 3.8688976 3.7332678 3.8767716 0 P 0
L 3.7253938 3.9688976 3.7332678 3.9610236 0 P 0
L 3.7332678 3.7767716 3.7332678 3.8610236 0 P 0
L 3.7332678 3.8767716 3.7332678 3.9610236 0 P 0
L 3.7657479 3.769685 3.7657479 3.8208662 0 P 0
L 3.7657479 3.769685 3.8759841 3.769685 0 P 0
L 3.7657479 3.8208662 3.8759841 3.8208662 0 P 0
L 3.7657479 3.8277559 3.7657479 3.8789371 0 P 0
L 3.7657479 3.8277559 3.8759841 3.8277559 0 P 0
L 3.7657479 3.8789371 3.8759841 3.8789371 0 P 0
L 3.8700786 4.1092519 3.8700786 4.3139763 0 P 0
L 3.8759841 3.769685 3.8759841 3.8208662 0 P 0
L 3.8759841 3.8277559 3.8759841 3.8789371 0 P 0
L 3.890748 4.4478346 3.890748 4.6998032 0 P 0
L 3.9793307 1.3779527 3.9793307 1.4291339 0 P 0
L 3.9793307 1.3779527 4.0895669 1.3779527 0 P 0
L 3.9793307 1.4291339 4.0895669 1.4291339 0 P 0
L 3.9901573 3.6033464 3.9901573 3.859252 0 P 0
L 3.9901573 3.6033464 4.1633857 3.6033464 0 P 0
L 3.9901573 3.859252 4.1633857 3.859252 0 P 0
L 4.0413385 1.5757874 4.0413385 1.6860236 0 P 0
L 4.0413385 1.5757874 4.0925197 1.5757874 0 P 0
L 4.0413385 1.6860236 4.0925197 1.6860236 0 P 0
L 4.0423228 1.5137795 4.0423228 1.5649607 0 P 0
L 4.0423228 1.5137795 4.152559 1.5137795 0 P 0
L 4.0423228 1.5649607 4.152559 1.5649607 0 P 0
L 4.0433071 1.4517716 4.0433071 1.5029528 0 P 0
L 4.0433071 1.4517716 4.1535433 1.4517716 0 P 0
L 4.0433071 1.5029528 4.1535433 1.5029528 0 P 0
L 4.0521654 2.543307 4.0521654 2.5944882 0 P 0
L 4.0521654 2.543307 4.1624016 2.543307 0 P 0
L 4.0521654 2.5944882 4.1624016 2.5944882 0 P 0
L 4.0521654 2.6624015 4.0521654 2.7135827 0 P 0
L 4.0521654 2.6624015 4.1624016 2.6624015 0 P 0
L 4.0521654 2.7135827 4.1624016 2.7135827 0 P 0
L 4.0531496 2.6003937 4.0531496 2.6515749 0 P 0
L 4.0531496 2.6003937 4.1633858 2.6003937 0 P 0
L 4.0531496 2.6515749 4.1633858 2.6515749 0 P 0
L 4.0895669 1.3779527 4.0895669 1.4291339 0 P 0
L 4.0925197 1.5757874 4.0925197 1.6860236 0 P 0
L 4.152559 1.5137795 4.152559 1.5649607 0 P 0
L 4.1535433 1.4517716 4.1535433 1.5029528 0 P 0
L 4.1624016 2.543307 4.1624016 2.5944882 0 P 0
L 4.1624016 2.6624015 4.1624016 2.7135827 0 P 0
L 4.1633857 3.6033464 4.1633857 3.859252 0 P 0
L 4.1633858 2.6003937 4.1633858 2.6515749 0 P 0
L 4.2598424 2.8061023 4.2598424 2.9163385 0 P 0
L 4.2598424 2.8061023 4.3110236 2.8061023 0 P 0
L 4.2598424 2.9163385 4.3110236 2.9163385 0 P 0
L 4.3110236 2.8061023 4.3110236 2.9163385 0 P 0
L 4.3165353 2.8061023 4.3165353 2.9163385 0 P 0
L 4.3165353 2.8061023 4.3677165 2.8061023 0 P 0
L 4.3165353 2.9163385 4.3677165 2.9163385 0 P 0
L 4.3257874 1.8602362 4.3257874 2.6476378 0 P 0
L 4.3257874 1.8602362 4.8769686 1.8602362 0 P 0
L 4.3257874 2.6476378 4.8769686 2.6476378 0 P 0
L 4.3677165 2.8061023 4.3677165 2.9163385 0 P 0
L 4.3732282 2.8061023 4.3732282 2.9163385 0 P 0
L 4.3732282 2.8061023 4.4244094 2.8061023 0 P 0
L 4.3732282 2.9163385 4.4244094 2.9163385 0 P 0
L 4.4244094 2.8061023 4.4244094 2.9163385 0 P 0
L 4.4299211 2.8061023 4.4299211 2.9163385 0 P 0
L 4.4299211 2.8061023 4.4811023 2.8061023 0 P 0
L 4.4299211 2.9163385 4.4811023 2.9163385 0 P 0
L 4.4507873 1.3838582 4.4507873 1.5531496 0 P 0
L 4.4606298 1.3740157 4.8759844 1.3740157 0 P 0
L 4.4606298 1.5629921 4.8759844 1.5629921 0 P 0
L 4.4811023 2.8061023 4.4811023 2.9163385 0 P 0
L 4.486614 2.8061023 4.486614 2.9163385 0 P 0
L 4.486614 2.8061023 4.5377952 2.8061023 0 P 0
L 4.486614 2.9163385 4.5377952 2.9163385 0 P 0
L 4.5377952 2.8061023 4.5377952 2.9163385 0 P 0
L 4.5433069 2.8061023 4.5433069 2.9163385 0 P 0
L 4.5433069 2.8061023 4.5944881 2.8061023 0 P 0
L 4.5433069 2.9163385 4.5944881 2.9163385 0 P 0
L 4.5580708 1.3779527 4.7785434 1.3779527 0 P 0
L 4.5580708 1.4035432 4.7785434 1.4035432 0 P 0
L 4.5580708 1.5334646 4.7785434 1.5334646 0 P 0
L 4.5580708 1.5590551 4.7785434 1.5590551 0 P 0
L 4.5659448 1.5905512 4.5659448 1.7007874 0 P 0
L 4.5659448 1.5905512 4.617126 1.5905512 0 P 0
L 4.5659448 1.7007874 4.617126 1.7007874 0 P 0
L 4.5797243 3.6122047 4.5797243 3.8681103 0 P 0
L 4.5797243 3.6122047 4.7529527 3.6122047 0 P 0
L 4.5797243 3.8681103 4.7529527 3.8681103 0 P 0
L 4.5944881 2.8061023 4.5944881 2.9163385 0 P 0
L 4.617126 1.5905512 4.617126 1.7007874 0 P 0
L 4.6742124 4.4429134 4.6742124 4.694882 0 P 0
L 4.6742124 4.4429134 4.926181 4.4429134 0 P 0
L 4.6742124 4.694882 4.926181 4.694882 0 P 0
L 4.6909448 2.7864173 4.6909448 2.8966535 0 P 0
L 4.6909448 2.7864173 4.742126 2.7864173 0 P 0
L 4.6909448 2.8966535 4.742126 2.8966535 0 P 0
L 4.742126 2.7864173 4.742126 2.8966535 0 P 0
L 4.7529527 3.6122047 4.7529527 3.8681103 0 P 0
L 4.8011811 2.9753936 4.8011811 3.0305118 0 P 0
L 4.8011811 2.9753936 4.9192913 2.9753936 0 P 0
L 4.8011811 3.0305118 4.9192913 3.0305118 0 P 0
L 4.8021653 2.9035432 4.8021653 2.9586614 0 P 0
L 4.8021653 2.9035432 4.9202755 2.9035432 0 P 0
L 4.8021653 2.9586614 4.9202755 2.9586614 0 P 0
L 4.8139764 1.5265748 4.8139764 1.577756 0 P 0
L 4.8139764 1.5265748 4.9242126 1.5265748 0 P 0
L 4.8139764 1.577756 4.9242126 1.577756 0 P 0
L 4.8149607 1.6377952 4.8149607 1.6929134 0 P 0
L 4.8149607 1.6377952 4.9330709 1.6377952 0 P 0
L 4.8149607 1.6929134 4.9330709 1.6929134 0 P 0
L 4.8769686 1.8602362 4.8769686 2.6476378 0 P 0
L 4.8858269 1.3838582 4.8858269 1.5531496 0 P 0
L 4.9035432 3.5541338 4.9035432 3.605315 0 P 0
L 4.9035432 3.5541338 5.0137794 3.5541338 0 P 0
L 4.9035432 3.605315 5.0137794 3.605315 0 P 0
L 4.9035432 3.6085957 4.9035432 3.6597769 0 P 0
L 4.9035432 3.6085957 5.0137794 3.6085957 0 P 0
L 4.9035432 3.6597769 5.0137794 3.6597769 0 P 0
L 4.9035432 3.6630576 4.9035432 3.7142388 0 P 0
L 4.9035432 3.6630576 5.0137794 3.6630576 0 P 0
L 4.9035432 3.7142388 5.0137794 3.7142388 0 P 0
L 4.9035432 3.7175195 4.9035432 3.7687007 0 P 0
L 4.9035432 3.7175195 5.0137794 3.7175195 0 P 0
L 4.9035432 3.7687007 5.0137794 3.7687007 0 P 0
L 4.9035432 3.7719814 4.9035432 3.8231626 0 P 0
L 4.9035432 3.7719814 5.0137794 3.7719814 0 P 0
L 4.9035432 3.8231626 5.0137794 3.8231626 0 P 0
L 4.9035432 3.8264433 4.9035432 3.8776245 0 P 0
L 4.9035432 3.8264433 5.0137794 3.8264433 0 P 0
L 4.9035432 3.8776245 5.0137794 3.8776245 0 P 0
L 4.9035432 3.8809052 4.9035432 3.9320864 0 P 0
L 4.9035432 3.8809052 5.0137794 3.8809052 0 P 0
L 4.9035432 3.9320864 5.0137794 3.9320864 0 P 0
L 4.9192913 2.9753936 4.9192913 3.0305118 0 P 0
L 4.9202755 2.9035432 4.9202755 2.9586614 0 P 0
L 4.9242126 1.5265748 4.9242126 1.577756 0 P 0
L 4.926181 4.4429134 4.926181 4.694882 0 P 0
L 4.9330709 1.6377952 4.9330709 1.6929134 0 P 0
L 5.0137794 3.5541338 5.0137794 3.605315 0 P 0
L 5.0137794 3.6085957 5.0137794 3.6597769 0 P 0
L 5.0137794 3.6630576 5.0137794 3.7142388 0 P 0
L 5.0137794 3.7175195 5.0137794 3.7687007 0 P 0
L 5.0137794 3.7719814 5.0137794 3.8231626 0 P 0
L 5.0137794 3.8264433 5.0137794 3.8776245 0 P 0
L 5.0137794 3.8809052 5.0137794 3.9320864 0 P 0
L 5.1072835 3.2214566 5.1072835 3.2765748 0 P 0
L 5.1072835 3.2214566 5.2253937 3.2214566 0 P 0
L 5.1072835 3.2765748 5.2253937 3.2765748 0 P 0
L 5.1072835 3.2952755 5.1072835 3.3503937 0 P 0
L 5.1072835 3.2952755 5.2253937 3.2952755 0 P 0
L 5.1072835 3.3503937 5.2253937 3.3503937 0 P 0
L 5.128937 1.547244 5.128937 1.5984252 0 P 0
L 5.128937 1.547244 5.2391732 1.547244 0 P 0
L 5.128937 1.5984252 5.2391732 1.5984252 0 P 0
L 5.128937 1.6206484 5.128937 1.6718296 0 P 0
L 5.128937 1.6206484 5.2391732 1.6206484 0 P 0
L 5.128937 1.6718296 5.2391732 1.6718296 0 P 0
L 5.128937 1.6940528 5.128937 1.745234 0 P 0
L 5.128937 1.6940528 5.2391732 1.6940528 0 P 0
L 5.128937 1.745234 5.2391732 1.745234 0 P 0
L 5.128937 1.7674572 5.128937 1.8186384 0 P 0
L 5.128937 1.7674572 5.2391732 1.7674572 0 P 0
L 5.128937 1.8186384 5.2391732 1.8186384 0 P 0
L 5.128937 1.8408616 5.128937 1.8920428 0 P 0
L 5.128937 1.8408616 5.2391732 1.8408616 0 P 0
L 5.128937 1.8920428 5.2391732 1.8920428 0 P 0
L 5.128937 1.914266 5.128937 1.9654472 0 P 0
L 5.128937 1.914266 5.2391732 1.914266 0 P 0
L 5.128937 1.9654472 5.2391732 1.9654472 0 P 0
L 5.128937 1.9876704 5.128937 2.0388516 0 P 0
L 5.128937 1.9876704 5.2391732 1.9876704 0 P 0
L 5.128937 2.0388516 5.2391732 2.0388516 0 P 0
L 5.128937 2.0610748 5.128937 2.112256 0 P 0
L 5.128937 2.0610748 5.2391732 2.0610748 0 P 0
L 5.128937 2.112256 5.2391732 2.112256 0 P 0
L 5.128937 2.1344792 5.128937 2.1856604 0 P 0
L 5.128937 2.1344792 5.2391732 2.1344792 0 P 0
L 5.128937 2.1856604 5.2391732 2.1856604 0 P 0
L 5.128937 2.2078836 5.128937 2.2590648 0 P 0
L 5.128937 2.2078836 5.2391732 2.2078836 0 P 0
L 5.128937 2.2590648 5.2391732 2.2590648 0 P 0
L 5.128937 2.281288 5.128937 2.3324692 0 P 0
L 5.128937 2.281288 5.2391732 2.281288 0 P 0
L 5.128937 2.3324692 5.2391732 2.3324692 0 P 0
L 5.128937 2.3546924 5.128937 2.4058736 0 P 0
L 5.128937 2.3546924 5.2391732 2.3546924 0 P 0
L 5.128937 2.4058736 5.2391732 2.4058736 0 P 0
L 5.128937 2.4280968 5.128937 2.479278 0 P 0
L 5.128937 2.4280968 5.2391732 2.4280968 0 P 0
L 5.128937 2.479278 5.2391732 2.479278 0 P 0
L 5.128937 2.5015012 5.128937 2.5526824 0 P 0
L 5.128937 2.5015012 5.2391732 2.5015012 0 P 0
L 5.128937 2.5526824 5.2391732 2.5526824 0 P 0
L 5.128937 2.5749056 5.128937 2.6260868 0 P 0
L 5.128937 2.5749056 5.2391732 2.5749056 0 P 0
L 5.128937 2.6260868 5.2391732 2.6260868 0 P 0
L 5.128937 2.64831 5.128937 2.6994912 0 P 0
L 5.128937 2.64831 5.2391732 2.64831 0 P 0
L 5.128937 2.6994912 5.2391732 2.6994912 0 P 0
L 5.128937 2.7217144 5.128937 2.7728956 0 P 0
L 5.128937 2.7217144 5.2391732 2.7217144 0 P 0
L 5.128937 2.7728956 5.2391732 2.7728956 0 P 0
L 5.128937 2.7951188 5.128937 2.8463 0 P 0
L 5.128937 2.7951188 5.2391732 2.7951188 0 P 0
L 5.128937 2.8463 5.2391732 2.8463 0 P 0
L 5.128937 2.8685232 5.128937 2.9197044 0 P 0
L 5.128937 2.8685232 5.2391732 2.8685232 0 P 0
L 5.128937 2.9197044 5.2391732 2.9197044 0 P 0
L 5.128937 2.9419276 5.128937 2.9931088 0 P 0
L 5.128937 2.9419276 5.2391732 2.9419276 0 P 0
L 5.128937 2.9931088 5.2391732 2.9931088 0 P 0
L 5.2253937 3.2214566 5.2253937 3.2765748 0 P 0
L 5.2253937 3.2952755 5.2253937 3.3503937 0 P 0
L 5.2391732 1.547244 5.2391732 1.5984252 0 P 0
L 5.2391732 1.6206484 5.2391732 1.6718296 0 P 0
L 5.2391732 1.6940528 5.2391732 1.745234 0 P 0
L 5.2391732 1.7674572 5.2391732 1.8186384 0 P 0
L 5.2391732 1.8408616 5.2391732 1.8920428 0 P 0
L 5.2391732 1.914266 5.2391732 1.9654472 0 P 0
L 5.2391732 1.9876704 5.2391732 2.0388516 0 P 0
L 5.2391732 2.0610748 5.2391732 2.112256 0 P 0
L 5.2391732 2.1344792 5.2391732 2.1856604 0 P 0
L 5.2391732 2.2078836 5.2391732 2.2590648 0 P 0
L 5.2391732 2.281288 5.2391732 2.3324692 0 P 0
L 5.2391732 2.3546924 5.2391732 2.4058736 0 P 0
L 5.2391732 2.4280968 5.2391732 2.479278 0 P 0
L 5.2391732 2.5015012 5.2391732 2.5526824 0 P 0
L 5.2391732 2.5749056 5.2391732 2.6260868 0 P 0
L 5.2391732 2.64831 5.2391732 2.6994912 0 P 0
L 5.2391732 2.7217144 5.2391732 2.7728956 0 P 0
L 5.2391732 2.7951188 5.2391732 2.8463 0 P 0
L 5.2391732 2.8685232 5.2391732 2.9197044 0 P 0
L 5.2391732 2.9419276 5.2391732 2.9931088 0 P 0
L 5.4832677 1.1830708 5.4832677 1.234252 0 P 0
L 5.4832677 1.1830708 5.5974409 1.1830708 0 P 0
L 5.4832677 1.1948819 5.5226378 1.234252 0 P 0
L 5.4832677 1.1988189 5.5187008 1.234252 0 P 0
L 5.4832677 1.2027559 5.5147637 1.234252 0 P 0
L 5.4832677 1.2066929 5.5108267 1.234252 0 P 0
L 5.4832677 1.2106299 5.5068897 1.234252 0 P 0
L 5.4832677 1.2145669 5.5029527 1.234252 0 P 0
L 5.4832677 1.2185039 5.4990157 1.234252 0 P 0
L 5.4832677 1.2224409 5.4950787 1.234252 0 P 0
L 5.4832677 1.2263779 5.4911417 1.234252 0 P 0
L 5.4832677 1.2303149 5.4872047 1.234252 0 P 0
L 5.4832677 1.234252 5.5974409 1.234252 0 P 0
L 5.4852362 0.1062992 5.4852362 0.1574804 0 P 0
L 5.4852362 0.1062992 5.5994094 0.1062992 0 P 0
L 5.4852362 0.1181103 5.5246063 0.1574804 0 P 0
L 5.4852362 0.1220473 5.5206693 0.1574804 0 P 0
L 5.4852362 0.1259843 5.5167322 0.1574804 0 P 0
L 5.4852362 0.1299213 5.5127952 0.1574804 0 P 0
L 5.4852362 0.1338583 5.5088582 0.1574804 0 P 0
L 5.4852362 0.1377953 5.5049212 0.1574804 0 P 0
L 5.4852362 0.1417323 5.5009842 0.1574804 0 P 0
L 5.4852362 0.1456693 5.4970472 0.1574804 0 P 0
L 5.4852362 0.1496063 5.4931102 0.1574804 0 P 0
L 5.4852362 0.1535433 5.4891732 0.1574804 0 P 0
L 5.4852362 0.1574804 5.5994094 0.1574804 0 P 0
L 5.4852362 0.2549212 5.4852362 0.3061024 0 P 0
L 5.4852362 0.2549212 5.5994094 0.2549212 0 P 0
L 5.4852362 0.2667323 5.5246063 0.3061024 0 P 0
L 5.4852362 0.2706693 5.5206693 0.3061024 0 P 0
L 5.4852362 0.2746063 5.5167322 0.3061024 0 P 0
L 5.4852362 0.2785433 5.5127952 0.3061024 0 P 0
L 5.4852362 0.2824803 5.5088582 0.3061024 0 P 0
L 5.4852362 0.2864173 5.5049212 0.3061024 0 P 0
L 5.4852362 0.2903543 5.5009842 0.3061024 0 P 0
L 5.4852362 0.2942913 5.4970472 0.3061024 0 P 0
L 5.4852362 0.2982283 5.4931102 0.3061024 0 P 0
L 5.4852362 0.3021653 5.4891732 0.3061024 0 P 0
L 5.4852362 0.3061024 5.5994094 0.3061024 0 P 0
L 5.4852362 1.0344488 5.4852362 1.08563 0 P 0
L 5.4852362 1.0344488 5.5994094 1.0344488 0 P 0
L 5.4852362 1.0462599 5.5246063 1.08563 0 P 0
L 5.4852362 1.0501969 5.5206693 1.08563 0 P 0
L 5.4852362 1.0541339 5.5167322 1.08563 0 P 0
L 5.4852362 1.0580709 5.5127952 1.08563 0 P 0
L 5.4852362 1.0620079 5.5088582 1.08563 0 P 0
L 5.4852362 1.0659449 5.5049212 1.08563 0 P 0
L 5.4852362 1.0698819 5.5009842 1.08563 0 P 0
L 5.4852362 1.0738189 5.4970472 1.08563 0 P 0
L 5.4852362 1.0777559 5.4931102 1.08563 0 P 0
L 5.4852362 1.0816929 5.4891732 1.08563 0 P 0
L 5.4852362 1.08563 5.5994094 1.08563 0 P 0
L 5.4862205 2.906496 5.4862205 2.9576772 0 P 0
L 5.4862205 2.906496 5.6003937 2.906496 0 P 0
L 5.4862205 2.9183071 5.5255906 2.9576772 0 P 0
L 5.4862205 2.9222441 5.5216536 2.9576772 0 P 0
L 5.4862205 2.9261811 5.5177165 2.9576772 0 P 0
L 5.4862205 2.9301181 5.5137795 2.9576772 0 P 0
L 5.4862205 2.9340551 5.5098425 2.9576772 0 P 0
L 5.4862205 2.9379921 5.5059055 2.9576772 0 P 0
L 5.4862205 2.9419291 5.5019685 2.9576772 0 P 0
L 5.4862205 2.9458661 5.4980315 2.9576772 0 P 0
L 5.4862205 2.9498031 5.4940945 2.9576772 0 P 0
L 5.4862205 2.9537401 5.4901575 2.9576772 0 P 0
L 5.4862205 2.9576772 5.6003937 2.9576772 0 P 0
L 5.488189 3.0561023 5.488189 3.1072835 0 P 0
L 5.488189 3.0561023 5.6023622 3.0561023 0 P 0
L 5.488189 3.0679134 5.5275591 3.1072835 0 P 0
L 5.488189 3.0718504 5.5236221 3.1072835 0 P 0
L 5.488189 3.0757874 5.519685 3.1072835 0 P 0
L 5.488189 3.0797244 5.515748 3.1072835 0 P 0
L 5.488189 3.0836614 5.511811 3.1072835 0 P 0
L 5.488189 3.0875984 5.507874 3.1072835 0 P 0
L 5.488189 3.0915354 5.503937 3.1072835 0 P 0
L 5.488189 3.0954724 5.5 3.1072835 0 P 0
L 5.488189 3.0994094 5.496063 3.1072835 0 P 0
L 5.488189 3.1033464 5.492126 3.1072835 0 P 0
L 5.488189 3.1072835 5.6023622 3.1072835 0 P 0
L 5.492126 2.1230314 5.492126 2.1742126 0 P 0
L 5.492126 2.1230314 5.6062992 2.1230314 0 P 0
L 5.492126 2.1348425 5.5314961 2.1742126 0 P 0
L 5.492126 2.1387795 5.5275591 2.1742126 0 P 0
L 5.492126 2.1427165 5.523622 2.1742126 0 P 0
L 5.492126 2.1466535 5.519685 2.1742126 0 P 0
L 5.492126 2.1505905 5.515748 2.1742126 0 P 0
L 5.492126 2.1545275 5.511811 2.1742126 0 P 0
L 5.492126 2.1584645 5.507874 2.1742126 0 P 0
L 5.492126 2.1624015 5.503937 2.1742126 0 P 0
L 5.492126 2.1663385 5.5 2.1742126 0 P 0
L 5.492126 2.1702755 5.496063 2.1742126 0 P 0
L 5.492126 2.1742126 5.6062992 2.1742126 0 P 0
L 5.4931103 1.9793307 5.4931103 2.0305119 0 P 0
L 5.4931103 1.9793307 5.6072835 1.9793307 0 P 0
L 5.4931103 1.9911418 5.5324804 2.0305119 0 P 0
L 5.4931103 1.9950788 5.5285434 2.0305119 0 P 0
L 5.4931103 1.9990158 5.5246063 2.0305119 0 P 0
L 5.4931103 2.0029528 5.5206693 2.0305119 0 P 0
L 5.4931103 2.0068898 5.5167323 2.0305119 0 P 0
L 5.4931103 2.0108268 5.5127953 2.0305119 0 P 0
L 5.4931103 2.0147638 5.5088583 2.0305119 0 P 0
L 5.4931103 2.0187008 5.5049213 2.0305119 0 P 0
L 5.4931103 2.0226378 5.5009843 2.0305119 0 P 0
L 5.4931103 2.0265748 5.4970473 2.0305119 0 P 0
L 5.4931103 2.0305119 5.6072835 2.0305119 0 P 0
L 5.5 3.8395669 5.5 3.8907481 0 P 0
L 5.5 3.8395669 5.6141732 3.8395669 0 P 0
L 5.5 3.851378 5.5393701 3.8907481 0 P 0
L 5.5 3.855315 5.5354331 3.8907481 0 P 0
L 5.5 3.859252 5.531496 3.8907481 0 P 0
L 5.5 3.863189 5.527559 3.8907481 0 P 0
L 5.5 3.867126 5.523622 3.8907481 0 P 0
L 5.5 3.871063 5.519685 3.8907481 0 P 0
L 5.5 3.875 5.515748 3.8907481 0 P 0
L 5.5 3.878937 5.511811 3.8907481 0 P 0
L 5.5 3.882874 5.507874 3.8907481 0 P 0
L 5.5 3.886811 5.503937 3.8907481 0 P 0
L 5.5 3.8907481 5.6141732 3.8907481 0 P 0
L 5.5 3.9931102 5.5 4.0442914 0 P 0
L 5.5 3.9931102 5.6141732 3.9931102 0 P 0
L 5.5 4.0049213 5.5393701 4.0442914 0 P 0
L 5.5 4.0088583 5.5354331 4.0442914 0 P 0
L 5.5 4.0127953 5.531496 4.0442914 0 P 0
L 5.5 4.0167323 5.527559 4.0442914 0 P 0
L 5.5 4.0206693 5.523622 4.0442914 0 P 0
L 5.5 4.0246063 5.519685 4.0442914 0 P 0
L 5.5 4.0285433 5.515748 4.0442914 0 P 0
L 5.5 4.0324803 5.511811 4.0442914 0 P 0
L 5.5 4.0364173 5.507874 4.0442914 0 P 0
L 5.5 4.0403543 5.503937 4.0442914 0 P 0
L 5.5 4.0442914 5.6141732 4.0442914 0 P 0
L 5.5974409 1.1830708 5.5974409 1.234252 0 P 0
L 5.5994094 0.1062992 5.5994094 0.1574804 0 P 0
L 5.5994094 0.2549212 5.5994094 0.3061024 0 P 0
L 5.5994094 1.0344488 5.5994094 1.08563 0 P 0
L 5.6003937 2.906496 5.6003937 2.9576772 0 P 0
L 5.6023622 3.0561023 5.6023622 3.1072835 0 P 0
L 5.6062992 2.1230314 5.6062992 2.1742126 0 P 0
L 5.6072835 1.9793307 5.6072835 2.0305119 0 P 0
L 5.6090166 -0.0295318 5.8240168 -0.0295318 0 P 0
L 5.6090166 -0.0395318 5.6090166 0.5454686 0 P 0
L 5.6090166 -0.0395318 5.7290167 -0.0395318 0 P 0
L 5.6090166 0.5354686 5.8240168 0.5354686 0 P 0
L 5.6090166 0.5454686 5.7290167 0.5454686 0 P 0
L 5.6090559 0.8892084 5.6090559 1.4742088 0 P 0
L 5.6090559 0.8892084 5.729056 0.8892084 0 P 0
L 5.6090559 0.8992084 5.8240561 0.8992084 0 P 0
L 5.6090559 1.4642088 5.8240561 1.4642088 0 P 0
L 5.6090559 1.4742088 5.729056 1.4742088 0 P 0
L 5.6100009 1.8354682 5.6100009 2.4204686 0 P 0
L 5.6100009 1.8354682 5.730001 1.8354682 0 P 0
L 5.6100009 1.8454682 5.8250011 1.8454682 0 P 0
L 5.6100009 2.4104686 5.8250011 2.4104686 0 P 0
L 5.6100009 2.4204686 5.730001 2.4204686 0 P 0
L 5.6130798 2.7687203 5.6130798 3.3537207 0 P 0
L 5.6130798 2.7687203 5.7330799 2.7687203 0 P 0
L 5.6130798 2.7787203 5.82808 2.7787203 0 P 0
L 5.6130798 3.3437207 5.82808 3.3437207 0 P 0
L 5.6130798 3.3537207 5.7330799 3.3537207 0 P 0
L 5.6138672 3.7035642 5.6138672 4.2885646 0 P 0
L 5.6138672 3.7035642 5.7338673 3.7035642 0 P 0
L 5.6138672 3.7135642 5.8288674 3.7135642 0 P 0
L 5.6138672 4.2785646 5.8288674 4.2785646 0 P 0
L 5.6138672 4.2885646 5.7338673 4.2885646 0 P 0
L 5.6141732 3.8395669 5.6141732 3.8907481 0 P 0
L 5.6141732 3.9931102 5.6141732 4.0442914 0 P 0
L 5.6148577 4.6012123 5.6148577 4.6642045 0 P 0
L 5.6148577 4.6012123 5.7408419 4.6012123 0 P 0
L 5.6148577 4.6642045 5.7408419 4.6642045 0 P 0
L 5.6683071 3.5374016 5.6683071 3.5885828 0 P 0
L 5.6683071 3.5374016 5.7785433 3.5374016 0 P 0
L 5.6683071 3.5885828 5.7785433 3.5885828 0 P 0
L 5.6703463 -0.1692771 5.7805825 -0.1692771 0 P 0
L 5.6703463 -0.2204583 5.6703463 -0.1692771 0 P 0
L 5.6703463 -0.2204583 5.7805825 -0.2204583 0 P 0
L 5.6703463 1.6653682 5.6703463 1.7165494 0 P 0
L 5.6703463 1.6653682 5.7805825 1.6653682 0 P 0
L 5.6703463 1.7165494 5.7805825 1.7165494 0 P 0
L 5.6714566 2.6055103 5.6714566 2.6566915 0 P 0
L 5.6714566 2.6055103 5.7816928 2.6055103 0 P 0
L 5.6714566 2.6566915 5.7816928 2.6566915 0 P 0
L 5.6792438 0.7141873 5.6792438 0.7653685 0 P 0
L 5.6792438 0.7141873 5.78948 0.7141873 0 P 0
L 5.6792438 0.7653685 5.78948 0.7653685 0 P 0
L 5.7290167 -0.0395318 5.7290167 -0.0295318 0 P 0
L 5.7290167 0.5354686 5.7290167 0.5454686 0 P 0
L 5.729056 0.8892084 5.729056 0.8992084 0 P 0
L 5.729056 1.4642088 5.729056 1.4742088 0 P 0
L 5.730001 1.8354682 5.730001 1.8454682 0 P 0
L 5.730001 2.4104686 5.730001 2.4204686 0 P 0
L 5.7330799 2.7687203 5.7330799 2.7787203 0 P 0
L 5.7330799 3.3437207 5.7330799 3.3537207 0 P 0
L 5.7338673 3.7035642 5.7338673 3.7135642 0 P 0
L 5.7338673 4.2785646 5.7338673 4.2885646 0 P 0
L 5.7408419 4.6012123 5.7408419 4.6642045 0 P 0
L 5.7785433 3.5374016 5.7785433 3.5885828 0 P 0
L 5.7805825 -0.2204583 5.7805825 -0.1692771 0 P 0
L 5.7805825 1.6653682 5.7805825 1.7165494 0 P 0
L 5.7816928 2.6055103 5.7816928 2.6566915 0 P 0
L 5.78948 0.7141873 5.78948 0.7653685 0 P 0
L 5.793307 4.6033464 5.793307 4.6584646 0 P 0
L 5.793307 4.6033464 5.9114172 4.6033464 0 P 0
L 5.793307 4.6584646 5.9114172 4.6584646 0 P 0
L 5.8240168 -0.0595318 5.8240168 -0.0295318 0 P 0
L 5.8240168 -0.0595318 5.8790168 -0.0595318 0 P 0
L 5.8240168 0.5354686 5.8240168 0.5654686 0 P 0
L 5.8240168 0.5654686 5.8790168 0.5654686 0 P 0
L 5.8240561 0.8692084 5.8240561 0.8992084 0 P 0
L 5.8240561 0.8692084 5.8790561 0.8692084 0 P 0
L 5.8240561 1.4642088 5.8240561 1.4942088 0 P 0
L 5.8240561 1.4942088 5.8790561 1.4942088 0 P 0
L 5.8250011 1.8154682 5.8250011 1.8454682 0 P 0
L 5.8250011 1.8154682 5.8800011 1.8154682 0 P 0
L 5.8250011 2.4104686 5.8250011 2.4404686 0 P 0
L 5.8250011 2.4404686 5.8800011 2.4404686 0 P 0
L 5.82808 2.7487203 5.82808 2.7787203 0 P 0
L 5.82808 2.7487203 5.88308 2.7487203 0 P 0
L 5.82808 3.3437207 5.82808 3.3737207 0 P 0
L 5.82808 3.3737207 5.88308 3.3737207 0 P 0
L 5.8288674 3.6835642 5.8288674 3.7135642 0 P 0
L 5.8288674 3.6835642 5.8838674 3.6835642 0 P 0
L 5.8288674 4.2785646 5.8288674 4.3085646 0 P 0
L 5.8288674 4.3085646 5.8838674 4.3085646 0 P 0
L 5.8790168 -0.0695318 5.8790168 -0.0595318 0 P 0
L 5.8790168 -0.0695318 6.179017 -0.0695318 0 P 0
L 5.8790168 0.5654686 5.8790168 0.5754686 0 P 0
L 5.8790168 0.5754686 6.179017 0.5754686 0 P 0
L 5.8790561 0.8592084 5.8790561 0.8692084 0 P 0
L 5.8790561 0.8592084 6.1790563 0.8592084 0 P 0
L 5.8790561 1.4942088 5.8790561 1.5042088 0 P 0
L 5.8790561 1.5042088 6.1790563 1.5042088 0 P 0
L 5.8800011 1.8054682 5.8800011 1.8154682 0 P 0
L 5.8800011 1.8054682 6.1800013 1.8054682 0 P 0
L 5.8800011 2.4404686 5.8800011 2.4504686 0 P 0
L 5.8800011 2.4504686 6.1800013 2.4504686 0 P 0
L 5.88308 2.7387203 5.88308 2.7487203 0 P 0
L 5.88308 2.7387203 6.1830802 2.7387203 0 P 0
L 5.88308 3.3737207 5.88308 3.3837207 0 P 0
L 5.88308 3.3837207 6.1830802 3.3837207 0 P 0
L 5.8838674 3.6735642 5.8838674 3.6835642 0 P 0
L 5.8838674 3.6735642 6.1838676 3.6735642 0 P 0
L 5.8838674 4.3085646 5.8838674 4.3185646 0 P 0
L 5.8838674 4.3185646 6.1838676 4.3185646 0 P 0
L 5.9114172 4.6033464 5.9114172 4.6584646 0 P 0
L 6.179017 -0.0595318 6.4290171 -0.0595318 0 P 0
L 6.179017 -0.0695318 6.179017 -0.0595318 0 P 0
L 6.179017 0.5654686 6.179017 0.5754686 0 P 0
L 6.179017 0.5654686 6.4290171 0.5654686 0 P 0
L 6.1790563 0.8592084 6.1790563 0.8692084 0 P 0
L 6.1790563 0.8692084 6.4290564 0.8692084 0 P 0
L 6.1790563 1.4942088 6.1790563 1.5042088 0 P 0
L 6.1790563 1.4942088 6.4290564 1.4942088 0 P 0
L 6.1800013 1.8054682 6.1800013 1.8154682 0 P 0
L 6.1800013 1.8154682 6.4300014 1.8154682 0 P 0
L 6.1800013 2.4404686 6.1800013 2.4504686 0 P 0
L 6.1800013 2.4404686 6.4300014 2.4404686 0 P 0
L 6.1830802 2.7387203 6.1830802 2.7487203 0 P 0
L 6.1830802 2.7487203 6.4330803 2.7487203 0 P 0
L 6.1830802 3.3737207 6.1830802 3.3837207 0 P 0
L 6.1830802 3.3737207 6.4330803 3.3737207 0 P 0
L 6.1838676 3.6735642 6.1838676 3.6835642 0 P 0
L 6.1838676 3.6835642 6.4338677 3.6835642 0 P 0
L 6.1838676 4.3085646 6.1838676 4.3185646 0 P 0
L 6.1838676 4.3085646 6.4338677 4.3085646 0 P 0
L 6.204017 -0.0025317 6.3970171 -0.0025317 0 P 0
L 6.204017 -0.0175317 6.204017 -0.0025317 0 P 0
L 6.204017 -0.0175317 6.4190171 -0.0175317 0 P 0
L 6.204017 0.0774683 6.204017 0.0924683 0 P 0
L 6.204017 0.0774683 6.3970171 0.0774683 0 P 0
L 6.204017 0.0924683 6.4190171 0.0924683 0 P 0
L 6.204017 0.4134685 6.204017 0.4284685 0 P 0
L 6.204017 0.4134685 6.4190171 0.4134685 0 P 0
L 6.204017 0.4284685 6.3970171 0.4284685 0 P 0
L 6.204017 0.5084685 6.204017 0.5234685 0 P 0
L 6.204017 0.5084685 6.3970171 0.5084685 0 P 0
L 6.204017 0.5234685 6.4190171 0.5234685 0 P 0
L 6.2040563 0.9112085 6.2040563 0.9262085 0 P 0
L 6.2040563 0.9112085 6.4190564 0.9112085 0 P 0
L 6.2040563 0.9262085 6.3970564 0.9262085 0 P 0
L 6.2040563 1.0062085 6.2040563 1.0212085 0 P 0
L 6.2040563 1.0062085 6.3970564 1.0062085 0 P 0
L 6.2040563 1.0212085 6.4190564 1.0212085 0 P 0
L 6.2040563 1.3422087 6.2040563 1.3572087 0 P 0
L 6.2040563 1.3422087 6.4190564 1.3422087 0 P 0
L 6.2040563 1.3572087 6.3970564 1.3572087 0 P 0
L 6.2040563 1.4372087 6.2040563 1.4522087 0 P 0
L 6.2040563 1.4372087 6.3970564 1.4372087 0 P 0
L 6.2040563 1.4522087 6.4190564 1.4522087 0 P 0
L 6.2050013 1.8574683 6.2050013 1.8724683 0 P 0
L 6.2050013 1.8574683 6.4200014 1.8574683 0 P 0
L 6.2050013 1.8724683 6.3980014 1.8724683 0 P 0
L 6.2050013 1.9524683 6.2050013 1.9674683 0 P 0
L 6.2050013 1.9524683 6.3980014 1.9524683 0 P 0
L 6.2050013 1.9674683 6.4200014 1.9674683 0 P 0
L 6.2050013 2.2884685 6.2050013 2.3034685 0 P 0
L 6.2050013 2.2884685 6.4200014 2.2884685 0 P 0
L 6.2050013 2.3034685 6.3980014 2.3034685 0 P 0
L 6.2050013 2.3834685 6.2050013 2.3984685 0 P 0
L 6.2050013 2.3834685 6.3980014 2.3834685 0 P 0
L 6.2050013 2.3984685 6.4200014 2.3984685 0 P 0
L 6.2080802 2.7907204 6.2080802 2.8057204 0 P 0
L 6.2080802 2.7907204 6.4230803 2.7907204 0 P 0
L 6.2080802 2.8057204 6.4010803 2.8057204 0 P 0
L 6.2080802 2.8857204 6.2080802 2.9007204 0 P 0
L 6.2080802 2.8857204 6.4010803 2.8857204 0 P 0
L 6.2080802 2.9007204 6.4230803 2.9007204 0 P 0
L 6.2080802 3.2217206 6.2080802 3.2367206 0 P 0
L 6.2080802 3.2217206 6.4230803 3.2217206 0 P 0
L 6.2080802 3.2367206 6.4010803 3.2367206 0 P 0
L 6.2080802 3.3167206 6.2080802 3.3317206 0 P 0
L 6.2080802 3.3167206 6.4010803 3.3167206 0 P 0
L 6.2080802 3.3317206 6.4230803 3.3317206 0 P 0
L 6.2088676 3.7255643 6.2088676 3.7405643 0 P 0
L 6.2088676 3.7255643 6.4238677 3.7255643 0 P 0
L 6.2088676 3.7405643 6.4018677 3.7405643 0 P 0
L 6.2088676 3.8205643 6.2088676 3.8355643 0 P 0
L 6.2088676 3.8205643 6.4018677 3.8205643 0 P 0
L 6.2088676 3.8355643 6.4238677 3.8355643 0 P 0
L 6.2088676 4.1565645 6.2088676 4.1715645 0 P 0
L 6.2088676 4.1565645 6.4238677 4.1565645 0 P 0
L 6.2088676 4.1715645 6.4018677 4.1715645 0 P 0
L 6.2088676 4.2515645 6.2088676 4.2665645 0 P 0
L 6.2088676 4.2515645 6.4018677 4.2515645 0 P 0
L 6.2088676 4.2665645 6.4238677 4.2665645 0 P 0
L 6.2502606 -0.0025317 6.2502606 0.0774683 0 P 0
L 6.2502606 0.4284685 6.2502606 0.5084685 0 P 0
L 6.2502999 0.9262085 6.2502999 1.0062085 0 P 0
L 6.2502999 1.3572087 6.2502999 1.4372087 0 P 0
L 6.2512449 1.8724683 6.2512449 1.9524683 0 P 0
L 6.2512449 2.3034685 6.2512449 2.3834685 0 P 0
L 6.2543238 2.8057204 6.2543238 2.8857204 0 P 0
L 6.2543238 3.2367206 6.2543238 3.3167206 0 P 0
L 6.2551112 3.7405643 6.2551112 3.8205643 0 P 0
L 6.2551112 4.1715645 6.2551112 4.2515645 0 P 0
L 6.3970171 -0.0025317 6.3970171 0.0774683 0 P 0
L 6.3970171 0.4284685 6.3970171 0.5084685 0 P 0
L 6.3970564 0.9262085 6.3970564 1.0062085 0 P 0
L 6.3970564 1.3572087 6.3970564 1.4372087 0 P 0
L 6.3980014 1.8724683 6.3980014 1.9524683 0 P 0
L 6.3980014 2.3034685 6.3980014 2.3834685 0 P 0
L 6.4010803 2.8057204 6.4010803 2.8857204 0 P 0
L 6.4010803 3.2367206 6.4010803 3.3167206 0 P 0
L 6.4018677 3.7405643 6.4018677 3.8205643 0 P 0
L 6.4018677 4.1715645 6.4018677 4.2515645 0 P 0
L 6.4190171 -0.0175317 6.4190171 0.0924683 0 P 0
L 6.4190171 0.4134685 6.4190171 0.5234685 0 P 0
L 6.4190564 0.9112085 6.4190564 1.0212085 0 P 0
L 6.4190564 1.3422087 6.4190564 1.4522087 0 P 0
L 6.4200014 1.8574683 6.4200014 1.9674683 0 P 0
L 6.4200014 2.2884685 6.4200014 2.3984685 0 P 0
L 6.4230803 2.7907204 6.4230803 2.9007204 0 P 0
L 6.4230803 3.2217206 6.4230803 3.3317206 0 P 0
L 6.4238677 3.7255643 6.4238677 3.8355643 0 P 0
L 6.4238677 4.1565645 6.4238677 4.2665645 0 P 0
L 6.4290171 -0.0595318 6.4290171 0.5654686 0 P 0
L 6.4290564 0.8692084 6.4290564 1.4942088 0 P 0
L 6.4300014 1.8154682 6.4300014 2.4404686 0 P 0
L 6.4330803 2.7487203 6.4330803 3.3737207 0 P 0
L 6.4338677 3.6835642 6.4338677 4.3085646 0 P 0
L 6.4340551 -0.3937002 6.4340551 4.7244098 0 P 0
