#Layer_Color=32768
#
#Feature symbol names
#
$0 r3.937
$1 r11.811
$2 r7.874
$3 r1.9685

#
#Feature attribute names
#
@0 .nomenclature
@1 .string
@2 .string_angle

#
#Feature attribute text strings
#
&0 BOARD OUTLINE

#
#Layer features
#
A 4.6151575 2.253937 4.6151575 2.253937 4.601378 2.253937 3 P 0 N
A 4.6820866 1.4685039 4.6820866 1.4685039 4.6683071 1.4685039 3 P 0 N
A 5.5541338 1.2086614 5.5541338 1.2086614 5.5403543 1.2086614 3 P 0 N
A 5.5561023 0.1318898 5.5561023 0.1318898 5.5423228 0.1318898 3 P 0 N
A 5.5561023 0.2805118 5.5561023 0.2805118 5.5423228 0.2805118 3 P 0 N
A 5.5561023 1.0600394 5.5561023 1.0600394 5.5423228 1.0600394 3 P 0 N
A 5.5570866 2.9320866 5.5570866 2.9320866 5.5433071 2.9320866 3 P 0 N
A 5.5590551 3.0816929 5.5590551 3.0816929 5.5452756 3.0816929 3 P 0 N
A 5.5629921 2.148622 5.5629921 2.148622 5.5492126 2.148622 3 P 0 N
A 5.5639764 2.0049213 5.5639764 2.0049213 5.5501969 2.0049213 3 P 0 N
A 5.5708661 3.8651575 5.5708661 3.8651575 5.5570866 3.8651575 3 P 0 N
A 5.5708661 4.0187008 5.5708661 4.0187008 5.5570866 4.0187008 3 P 0 N
L 0.0404415 0.6920509 0.0404415 0.8101611 3 P 0
L 0.0404415 0.6920509 0.0994967 0.6920509 3 P 0
L 0.0404415 0.8101611 0.0994967 0.8101611 3 P 0
L 0.0404415 0.8150399 0.0404415 0.9331501 3 P 0
L 0.0404415 0.8150399 0.0994967 0.8150399 3 P 0
L 0.0404415 0.9331501 0.0994967 0.9331501 3 P 0
L 0.0404415 0.9380289 0.0404415 1.0561391 3 P 0
L 0.0404415 0.9380289 0.0994967 0.9380289 3 P 0
L 0.0404415 1.0561391 0.0994967 1.0561391 3 P 0
L 0.0404415 1.0610179 0.0404415 1.1791281 3 P 0
L 0.0404415 1.0610179 0.0994967 1.0610179 3 P 0
L 0.0404415 1.1791281 0.0994967 1.1791281 3 P 0
L 0.0581581 0.751106 0.0817801 0.751106 3 P 0
L 0.0581581 0.874095 0.0817801 0.874095 3 P 0
L 0.0581581 0.997084 0.0817801 0.997084 3 P 0
L 0.0581581 1.120073 0.0817801 1.120073 3 P 0
L 0.0699691 0.739295 0.0699691 0.762917 3 P 0
L 0.0699691 0.862284 0.0699691 0.885906 3 P 0
L 0.0699691 0.985273 0.0699691 1.008895 3 P 0
L 0.0699691 1.108262 0.0699691 1.131884 3 P 0
L 0.0994967 0.6920509 0.0994967 0.8101611 3 P 0
L 0.0994967 0.8150399 0.0994967 0.9331501 3 P 0
L 0.0994967 0.9380289 0.0994967 1.0561391 3 P 0
L 0.0994967 1.0610179 0.0994967 1.1791281 3 P 0
L 0.1053148 1.1328739 0.1053148 1.2509841 3 P 0
L 0.1053148 1.1328739 0.16437 1.1328739 3 P 0
L 0.1053148 1.2509841 0.16437 1.2509841 3 P 0
L 0.1062991 0.8838582 0.1062991 0.9429134 3 P 0
L 0.1062991 0.8838582 0.2244093 0.8838582 3 P 0
L 0.1062991 0.9429134 0.2244093 0.9429134 3 P 0
L 0.1082676 0.8843503 0.1082676 0.9434055 3 P 0
L 0.1082676 0.8843503 0.2263778 0.8843503 3 P 0
L 0.1082676 0.9389763 0.1082676 0.9980315 3 P 0
L 0.1082676 0.9389763 0.2263778 0.9389763 3 P 0
L 0.1082676 0.9434055 0.2263778 0.9434055 3 P 0
L 0.1082676 0.9980315 0.2263778 0.9980315 3 P 0
L 0.1082676 1.0482283 0.1082676 1.1072835 3 P 0
L 0.1082676 1.0482283 0.2263778 1.0482283 3 P 0
L 0.1082676 1.1072835 0.2263778 1.1072835 3 P 0
L 0.1082677 0.8307085 0.1082677 0.8897637 3 P 0
L 0.1082677 0.8307085 0.2263779 0.8307085 3 P 0
L 0.1082677 0.8897637 0.2263779 0.8897637 3 P 0
L 0.1082677 1.0482282 0.1082677 1.1072834 3 P 0
L 0.1082677 1.0482282 0.2263779 1.0482282 3 P 0
L 0.1082677 1.1072834 0.2263779 1.1072834 3 P 0
L 0.1102362 1.1909448 0.1102362 1.25 3 P 0
L 0.1102362 1.1909448 0.2283464 1.1909448 3 P 0
L 0.1102362 1.25 0.2283464 1.25 3 P 0
L 0.1230314 1.191929 0.1466534 1.191929 3 P 0
L 0.1348424 1.180118 0.1348424 1.20374 3 P 0
L 0.1535432 0.9133858 0.1771652 0.9133858 3 P 0
L 0.1555117 0.9138779 0.1791337 0.9138779 3 P 0
L 0.1555117 0.9685039 0.1791337 0.9685039 3 P 0
L 0.1555117 1.0777559 0.1791337 1.0777559 3 P 0
L 0.1555118 0.8602361 0.1791338 0.8602361 3 P 0
L 0.1555118 1.0777558 0.1791338 1.0777558 3 P 0
L 0.1574803 1.2204724 0.1811023 1.2204724 3 P 0
L 0.16437 1.1328739 0.16437 1.2509841 3 P 0
L 0.1653542 0.9015748 0.1653542 0.9251968 3 P 0
L 0.1655518 1.1308997 0.1655518 1.2490099 3 P 0
L 0.1655518 1.1308997 0.224607 1.1308997 3 P 0
L 0.1655518 1.2490099 0.224607 1.2490099 3 P 0
L 0.1673227 0.9020669 0.1673227 0.9256889 3 P 0
L 0.1673227 0.9566929 0.1673227 0.9803149 3 P 0
L 0.1673227 1.0659449 0.1673227 1.0895669 3 P 0
L 0.1673228 0.8484251 0.1673228 0.8720471 3 P 0
L 0.1673228 1.0659448 0.1673228 1.0895668 3 P 0
L 0.1692913 1.2086614 0.1692913 1.2322834 3 P 0
L 0.1832684 1.1899548 0.2068904 1.1899548 3 P 0
L 0.1950794 1.1781438 0.1950794 1.2017658 3 P 0
L 0.2244093 0.8838582 0.2244093 0.9429134 3 P 0
L 0.224607 1.1308997 0.224607 1.2490099 3 P 0
L 0.2263778 0.8843503 0.2263778 0.9434055 3 P 0
L 0.2263778 0.9389763 0.2263778 0.9980315 3 P 0
L 0.2263778 1.0482283 0.2263778 1.1072835 3 P 0
L 0.2263779 0.8307085 0.2263779 0.8897637 3 P 0
L 0.2263779 1.0482282 0.2263779 1.1072834 3 P 0
L 0.2283464 1.1909448 0.2283464 1.25 3 P 0
L 0.239173 0.632874 0.239173 0.7509842 3 P 0
L 0.239173 0.632874 0.2982282 0.632874 3 P 0
L 0.239173 0.7509842 0.2982282 0.7509842 3 P 0
L 0.2568896 0.6919291 0.2805116 0.6919291 3 P 0
L 0.2687006 0.6801181 0.2687006 0.7037401 3 P 0
L 0.273622 0.7746063 0.273622 1.128937 3 P 0
L 0.273622 0.7746063 0.6279527 0.7746063 3 P 0
L 0.273622 1.128937 0.6279527 1.128937 3 P 0
L 0.2982282 0.632874 0.2982282 0.7509842 3 P 0
L 0.3267716 1.5285432 0.3267716 1.5875984 3 P 0
L 0.3267716 1.5285432 0.4448818 1.5285432 3 P 0
L 0.3267716 1.5875984 0.4448818 1.5875984 3 P 0
L 0.3444881 1.1309055 0.3444881 1.2490157 3 P 0
L 0.3444881 1.1309055 0.4035433 1.1309055 3 P 0
L 0.3444881 1.2490157 0.4035433 1.2490157 3 P 0
L 0.3622047 1.1899606 0.3858267 1.1899606 3 P 0
L 0.3740157 1.1781496 0.3740157 1.2017716 3 P 0
L 0.3740157 1.5580708 0.3976377 1.5580708 3 P 0
L 0.3740158 0.5629921 0.3740158 0.6220473 3 P 0
L 0.3740158 0.5629921 0.492126 0.5629921 3 P 0
L 0.3740158 0.6220473 0.492126 0.6220473 3 P 0
L 0.3858267 1.5462598 0.3858267 1.5698818 3 P 0
L -0.3936998 -0.3937002 -0.3936998 4.7244098 0 P 0
L -0.3936998 -0.3937002 6.4340551 -0.3937002 0 P 0
L -0.3936998 4.7244098 6.4340551 4.7244098 0 P 0
L 0.4015746 0.632874 0.4015746 0.7509842 3 P 0
L 0.4015746 0.632874 0.4606298 0.632874 3 P 0
L 0.4015746 0.7509842 0.4606298 0.7509842 3 P 0
L 0.4035433 1.1309055 0.4035433 1.2490157 3 P 0
L 0.4192912 0.6919291 0.4429132 0.6919291 3 P 0
L 0.4212599 0.5925197 0.4448819 0.5925197 3 P 0
L 0.4311022 0.6801181 0.4311022 0.7037401 3 P 0
L 0.4311023 0.9517716 0.4704724 0.9517716 0 P 0
L 0.4330709 0.5807087 0.4330709 0.6043307 3 P 0
L 0.4448818 1.5285432 0.4448818 1.5875984 3 P 0
L 0.4478346 1.527559 0.4478346 1.5866142 3 P 0
L 0.4478346 1.527559 0.5659448 1.527559 3 P 0
L 0.4478346 1.5866142 0.5659448 1.5866142 3 P 0
L 0.4507873 0.9320866 0.4507873 0.9714567 0 P 0
L 0.4606298 0.632874 0.4606298 0.7509842 3 P 0
L 0.4694881 0.636811 0.4694881 0.7549212 3 P 0
L 0.4694881 0.636811 0.5285433 0.636811 3 P 0
L 0.4694881 0.7549212 0.5285433 0.7549212 3 P 0
L 0.4872047 0.6958661 0.5108267 0.6958661 3 P 0
L 0.492126 0.5629921 0.492126 0.6220473 3 P 0
L 0.4950787 1.5570866 0.5187007 1.5570866 3 P 0
L 0.4990157 0.6840551 0.4990157 0.7076771 3 P 0
L 0.5068897 1.5452756 0.5068897 1.5688976 3 P 0
L 0.5285433 0.636811 0.5285433 0.7549212 3 P 0
L 0.5659448 1.527559 0.5659448 1.5866142 3 P 0
L 0.6053149 0.5718504 0.6053149 0.6899606 3 P 0
L 0.6053149 0.5718504 0.6643701 0.5718504 3 P 0
L 0.6053149 0.6899606 0.6643701 0.6899606 3 P 0
L 0.6230315 0.6309055 0.6466535 0.6309055 3 P 0
L 0.6279527 0.7746063 0.6279527 1.128937 3 P 0
L 0.6348425 0.6190945 0.6348425 0.6427165 3 P 0
L 0.6643701 0.5718504 0.6643701 0.6899606 3 P 0
L 0.6653543 0.7775589 0.6653543 0.8366141 3 P 0
L 0.6653543 0.7775589 0.6653543 0.8366141 3 P 0
L 0.6653543 0.7775589 0.7834645 0.7775589 3 P 0
L 0.6653543 0.7775589 0.7834645 0.7775589 3 P 0
L 0.6653543 0.8366141 0.7834645 0.8366141 3 P 0
L 0.6653543 0.8366141 0.7834645 0.8366141 3 P 0
L 0.6663385 0.6259841 0.6663385 0.6850393 3 P 0
L 0.6663385 0.6259841 0.7844487 0.6259841 3 P 0
L 0.6663385 0.6850393 0.7844487 0.6850393 3 P 0
L 0.6673228 0.9320865 0.6673228 0.9911417 3 P 0
L 0.6673228 0.9320865 0.6673228 0.9911417 3 P 0
L 0.6673228 0.9320865 0.785433 0.9320865 3 P 0
L 0.6673228 0.9320865 0.785433 0.9320865 3 P 0
L 0.6673228 0.9911417 0.785433 0.9911417 3 P 0
L 0.6673228 0.9911417 0.785433 0.9911417 3 P 0
L 0.6673228 1.0059054 0.6673228 1.0649606 3 P 0
L 0.6673228 1.0059054 0.785433 1.0059054 3 P 0
L 0.6673228 1.0649606 0.785433 1.0649606 3 P 0
L 0.668307 0.6348424 0.668307 0.6938976 3 P 0
L 0.668307 0.6348424 0.7864172 0.6348424 3 P 0
L 0.668307 0.6938976 0.7864172 0.6938976 3 P 0
L 0.6683071 1.0679133 0.6683071 1.1269685 3 P 0
L 0.6683071 1.0679133 0.7864173 1.0679133 3 P 0
L 0.6683071 1.1269685 0.7864173 1.1269685 3 P 0
L 0.7125984 0.8070865 0.7362204 0.8070865 3 P 0
L 0.7125984 0.8070865 0.7362204 0.8070865 3 P 0
L 0.7135826 0.6555117 0.7372046 0.6555117 3 P 0
L 0.7145669 0.9616141 0.7381889 0.9616141 3 P 0
L 0.7145669 0.9616141 0.7381889 0.9616141 3 P 0
L 0.7145669 1.035433 0.7381889 1.035433 3 P 0
L 0.7155511 0.66437 0.7391731 0.66437 3 P 0
L 0.7155512 1.0974409 0.7391732 1.0974409 3 P 0
L 0.7244094 0.7952755 0.7244094 0.8188975 3 P 0
L 0.7244094 0.7952755 0.7244094 0.8188975 3 P 0
L 0.7253936 0.6437007 0.7253936 0.6673227 3 P 0
L 0.7263779 0.9498031 0.7263779 0.9734251 3 P 0
L 0.7263779 0.9498031 0.7263779 0.9734251 3 P 0
L 0.7263779 1.023622 0.7263779 1.047244 3 P 0
L 0.7273621 0.652559 0.7273621 0.676181 3 P 0
L 0.7273622 1.0856299 0.7273622 1.1092519 3 P 0
L 0.7834645 0.7775589 0.7834645 0.8366141 3 P 0
L 0.7834645 0.7775589 0.7834645 0.8366141 3 P 0
L 0.7844487 0.6259841 0.7844487 0.6850393 3 P 0
L 0.785433 0.9320865 0.785433 0.9911417 3 P 0
L 0.785433 0.9320865 0.785433 0.9911417 3 P 0
L 0.785433 1.0059054 0.785433 1.0649606 3 P 0
L 0.7864172 0.6348424 0.7864172 0.6938976 3 P 0
L 0.7864173 1.0679133 0.7864173 1.1269685 3 P 0
L 1.0444073 0.9819188 1.0444073 1.040974 3 P 0
L 1.0444073 0.9819188 1.1625175 0.9819188 3 P 0
L 1.0444073 1.040974 1.1625175 1.040974 3 P 0
L 1.0916514 1.0114464 1.1152734 1.0114464 3 P 0
L 1.1034624 0.9996354 1.1034624 1.0232574 3 P 0
L 1.1625175 0.9819188 1.1625175 1.040974 3 P 0
L 2.5610174 4.8602363 2.5806961 4.8602363 2 P 0 ;0,1=0,2=0.000000
L 2.5610174 4.879915 2.5806961 4.879915 2 P 0 ;0,1=0,2=0.000000
L 2.5610174 4.8995937 2.5610174 4.8602363 2 P 0 ;0,1=0,2=0.000000
L 2.5806961 4.8602363 2.5872556 4.8667959 2 P 0 ;0,1=0,2=0.000000
L 2.5806961 4.879915 2.5610174 4.879915 2 P 0 ;0,1=0,2=0.000000
L 2.5806961 4.879915 2.5872556 4.8864745 2 P 0 ;0,1=0,2=0.000000
L 2.5806961 4.8995937 2.5610174 4.8995937 2 P 0 ;0,1=0,2=0.000000
L 2.5872556 4.8667959 2.5872556 4.8733554 2 P 0 ;0,1=0,2=0.000000
L 2.5872556 4.8733554 2.5806961 4.879915 2 P 0 ;0,1=0,2=0.000000
L 2.5872556 4.8864745 2.5872556 4.8930341 2 P 0 ;0,1=0,2=0.000000
L 2.5872556 4.8930341 2.5806961 4.8995937 2 P 0 ;0,1=0,2=0.000000
L 2.6003748 4.8667959 2.6069344 4.8602363 2 P 0 ;0,1=0,2=0.000000
L 2.6003748 4.8930341 2.6003748 4.8667959 2 P 0 ;0,1=0,2=0.000000
L 2.6069344 4.8602363 2.6200535 4.8602363 2 P 0 ;0,1=0,2=0.000000
L 2.6069344 4.8995937 2.6003748 4.8930341 2 P 0 ;0,1=0,2=0.000000
L 2.6200535 4.8602363 2.626613 4.8667959 2 P 0 ;0,1=0,2=0.000000
L 2.6200535 4.8995937 2.6069344 4.8995937 2 P 0 ;0,1=0,2=0.000000
L 2.626613 4.8667959 2.626613 4.8930341 2 P 0 ;0,1=0,2=0.000000
L 2.626613 4.8930341 2.6200535 4.8995937 2 P 0 ;0,1=0,2=0.000000
L 2.6397322 4.8602363 2.6397322 4.8864745 2 P 0 ;0,1=0,2=0.000000
L 2.6397322 4.8864745 2.6528513 4.8995937 2 P 0 ;0,1=0,2=0.000000
L 2.6528513 4.8995937 2.6659704 4.8864745 2 P 0 ;0,1=0,2=0.000000
L 2.6659704 4.8602363 2.6659704 4.879915 2 P 0 ;0,1=0,2=0.000000
L 2.6659704 4.879915 2.6397322 4.879915 2 P 0 ;0,1=0,2=0.000000
L 2.6659704 4.8864745 2.6659704 4.8602363 2 P 0 ;0,1=0,2=0.000000
L 2.6790896 4.8602363 2.6790896 4.8995937 2 P 0 ;0,1=0,2=0.000000
L 2.6790896 4.8995937 2.6987683 4.8995937 2 P 0 ;0,1=0,2=0.000000
L 2.6922087 4.8733554 2.7053278 4.8602363 2 P 0 ;0,1=0,2=0.000000
L 2.6987683 4.8733554 2.6790896 4.8733554 2 P 0 ;0,1=0,2=0.000000
L 2.6987683 4.8995937 2.7053278 4.8930341 2 P 0 ;0,1=0,2=0.000000
L 2.7053278 4.879915 2.6987683 4.8733554 2 P 0 ;0,1=0,2=0.000000
L 2.7053278 4.8930341 2.7053278 4.879915 2 P 0 ;0,1=0,2=0.000000
L 2.718447 4.8602363 2.7381257 4.8602363 2 P 0 ;0,1=0,2=0.000000
L 2.718447 4.8995937 2.718447 4.8602363 2 P 0 ;0,1=0,2=0.000000
L 2.7381257 4.8602363 2.7446852 4.8667959 2 P 0 ;0,1=0,2=0.000000
L 2.7381257 4.8995937 2.718447 4.8995937 2 P 0 ;0,1=0,2=0.000000
L 2.7446852 4.8667959 2.7446852 4.8930341 2 P 0 ;0,1=0,2=0.000000
L 2.7446852 4.8930341 2.7381257 4.8995937 2 P 0 ;0,1=0,2=0.000000
L 2.7971618 4.8667959 2.8037214 4.8602363 2 P 0 ;0,1=0,2=0.000000
L 2.7971618 4.8930341 2.7971618 4.8667959 2 P 0 ;0,1=0,2=0.000000
L 2.8037214 4.8602363 2.8168405 4.8602363 2 P 0 ;0,1=0,2=0.000000
L 2.8037214 4.8995937 2.7971618 4.8930341 2 P 0 ;0,1=0,2=0.000000
L 2.8168405 4.8602363 2.8234 4.8667959 2 P 0 ;0,1=0,2=0.000000
L 2.8168405 4.8995937 2.8037214 4.8995937 2 P 0 ;0,1=0,2=0.000000
L 2.8234 4.8667959 2.8234 4.8930341 2 P 0 ;0,1=0,2=0.000000
L 2.8234 4.8930341 2.8168405 4.8995937 2 P 0 ;0,1=0,2=0.000000
L 2.8365192 4.8667959 2.8430788 4.8602363 2 P 0 ;0,1=0,2=0.000000
L 2.8365192 4.8995937 2.8365192 4.8667959 2 P 0 ;0,1=0,2=0.000000
L 2.8430788 4.8602363 2.8561979 4.8602363 2 P 0 ;0,1=0,2=0.000000
L 2.8561979 4.8602363 2.8627574 4.8667959 2 P 0 ;0,1=0,2=0.000000
L 2.8627574 4.8667959 2.8627574 4.8995937 2 P 0 ;0,1=0,2=0.000000
L 2.8758766 4.8995937 2.9021148 4.8995937 2 P 0 ;0,1=0,2=0.000000
L 2.8889957 4.8995937 2.8889957 4.8602363 2 P 0 ;0,1=0,2=0.000000
L 2.8937002 1.5551178 2.8937008 1.5551172 1 P 0
L 2.9021148 4.8995937 2.8889957 4.8995937 2 P 0 ;0,1=0,2=0.000000
L 2.915234 4.8602363 2.9414722 4.8602363 2 P 0 ;0,1=0,2=0.000000
L 2.915234 4.8995937 2.915234 4.8602363 2 P 0 ;0,1=0,2=0.000000
L 2.9545914 4.8602363 2.9677105 4.8602363 2 P 0 ;0,1=0,2=0.000000
L 2.9545914 4.8995937 2.9677105 4.8995937 2 P 0 ;0,1=0,2=0.000000
L 2.961151 4.8602363 2.9545914 4.8602363 2 P 0 ;0,1=0,2=0.000000
L 2.961151 4.8995937 2.961151 4.8602363 2 P 0 ;0,1=0,2=0.000000
L 2.9677105 4.8995937 2.961151 4.8995937 2 P 0 ;0,1=0,2=0.000000
L 2.9873892 4.8602363 2.9873892 4.8995937 2 P 0 ;0,1=0,2=0.000000
L 2.9873892 4.8995937 3.0136274 4.8602363 2 P 0 ;0,1=0,2=0.000000
L 3.0136274 4.8602363 3.0136274 4.8995937 2 P 0 ;0,1=0,2=0.000000
L 3.0267466 4.8602363 3.0529848 4.8602363 2 P 0 ;0,1=0,2=0.000000
L 3.0267466 4.879915 3.0398657 4.879915 2 P 0 ;0,1=0,2=0.000000
L 3.0267466 4.8995937 3.0267466 4.8602363 2 P 0 ;0,1=0,2=0.000000
L 3.0529848 4.8995937 3.0267466 4.8995937 2 P 0 ;0,1=0,2=0.000000
L 3.4596457 2.1594488 3.4596457 2.218504 3 P 0
L 3.4596457 2.1594488 3.5777559 2.1594488 3 P 0
L 3.4596457 2.218504 3.5777559 2.218504 3 P 0
L 3.4606299 2.2381889 3.4606299 2.2972441 3 P 0
L 3.4606299 2.2381889 3.5787401 2.2381889 3 P 0
L 3.4606299 2.2972441 3.5787401 2.2972441 3 P 0
L 3.4616142 2.0797244 3.4616142 2.1387796 3 P 0
L 3.4616142 2.0797244 3.5797244 2.0797244 3 P 0
L 3.4616142 2.1387796 3.5797244 2.1387796 3 P 0
L 3.4616142 2.3149606 3.4616142 2.3740158 3 P 0
L 3.4616142 2.3149606 3.5797244 2.3149606 3 P 0
L 3.4616142 2.3740158 3.5797244 2.3740158 3 P 0
L 3.5068898 2.1889764 3.5305118 2.1889764 3 P 0
L 3.507874 2.2677165 3.531496 2.2677165 3 P 0
L 3.5088583 2.109252 3.5324803 2.109252 3 P 0
L 3.5088583 2.3444882 3.5324803 2.3444882 3 P 0
L 3.5187008 2.1771654 3.5187008 2.2007874 3 P 0
L 3.519685 2.2559055 3.519685 2.2795275 3 P 0
L 3.5206693 2.097441 3.5206693 2.121063 3 P 0
L 3.5206693 2.3326772 3.5206693 2.3562992 3 P 0
L 3.5767715 4.0816928 3.5767715 4.3415354 3 P 0
L 3.5767715 4.0816928 3.8799211 4.0816928 3 P 0
L 3.5767715 4.3415354 3.8799211 4.3415354 3 P 0
L 3.5777559 2.1594488 3.5777559 2.218504 3 P 0
L 3.5787401 2.2381889 3.5787401 2.2972441 3 P 0
L 3.5797244 2.0797244 3.5797244 2.1387796 3 P 0
L 3.5797244 2.3149606 3.5797244 2.3740158 3 P 0
L 3.7086613 4.2116141 3.7480313 4.2116141 3 P 0
L 3.7283463 4.1919291 3.7283463 4.2312992 3 P 0
L 3.7618109 3.765748 3.7618109 3.8248032 3 P 0
L 3.7618109 3.765748 3.8799211 3.765748 3 P 0
L 3.7618109 3.8238189 3.7618109 3.8828741 3 P 0
L 3.7618109 3.8238189 3.8799211 3.8238189 3 P 0
L 3.7618109 3.8248032 3.8799211 3.8248032 3 P 0
L 3.7618109 3.8828741 3.8799211 3.8828741 3 P 0
L 3.809055 3.7952756 3.832677 3.7952756 3 P 0
L 3.809055 3.8533465 3.832677 3.8533465 3 P 0
L 3.820866 3.7834646 3.820866 3.8070866 3 P 0
L 3.820866 3.8415355 3.820866 3.8651575 3 P 0
L 3.8799211 3.765748 3.8799211 3.8248032 3 P 0
L 3.8799211 3.8238189 3.8799211 3.8828741 3 P 0
L 3.8799211 4.0816928 3.8799211 4.3415354 3 P 0
L 3.9232282 3.5915354 3.9232282 3.871063 3 P 0
L 3.9232282 3.5915354 4.2303148 3.5915354 3 P 0
L 3.9232282 3.871063 4.2303148 3.871063 3 P 0
L 3.9753937 1.3740157 3.9753937 1.4330709 3 P 0
L 3.9753937 1.3740157 4.0935039 1.3740157 3 P 0
L 3.9753937 1.4330709 4.0935039 1.4330709 3 P 0
L 4.0226378 1.4035433 4.0462598 1.4035433 3 P 0
L 4.0344488 1.3917323 4.0344488 1.4153543 3 P 0
L 4.0374015 1.5718504 4.0374015 1.6899606 3 P 0
L 4.0374015 1.5718504 4.0964567 1.5718504 3 P 0
L 4.0374015 1.6899606 4.0964567 1.6899606 3 P 0
L 4.0383858 1.5098425 4.0383858 1.5688977 3 P 0
L 4.0383858 1.5098425 4.156496 1.5098425 3 P 0
L 4.0383858 1.5688977 4.156496 1.5688977 3 P 0
L 4.0393701 1.4478346 4.0393701 1.5068898 3 P 0
L 4.0393701 1.4478346 4.1574803 1.4478346 3 P 0
L 4.0393701 1.5068898 4.1574803 1.5068898 3 P 0
L 4.0482284 2.53937 4.0482284 2.5984252 3 P 0
L 4.0482284 2.53937 4.1663386 2.53937 3 P 0
L 4.0482284 2.5984252 4.1663386 2.5984252 3 P 0
L 4.0482284 2.6584645 4.0482284 2.7175197 3 P 0
L 4.0482284 2.6584645 4.1663386 2.6584645 3 P 0
L 4.0482284 2.7175197 4.1663386 2.7175197 3 P 0
L 4.0492126 2.5964567 4.0492126 2.6555119 3 P 0
L 4.0492126 2.5964567 4.1673228 2.5964567 3 P 0
L 4.0492126 2.6555119 4.1673228 2.6555119 3 P 0
L 4.0551181 1.6309055 4.0787401 1.6309055 3 P 0
L 4.0570865 3.7312992 4.0964565 3.7312992 3 P 0
L 4.0669291 1.6190945 4.0669291 1.6427165 3 P 0
L 4.0767715 3.7116142 4.0767715 3.7509842 3 P 0
L 4.0856299 1.5393701 4.1092519 1.5393701 3 P 0
L 4.0866142 1.4773622 4.1102362 1.4773622 3 P 0
L 4.0935039 1.3740157 4.0935039 1.4330709 3 P 0
L 4.0954725 2.5688976 4.1190945 2.5688976 3 P 0
L 4.0954725 2.6879921 4.1190945 2.6879921 3 P 0
L 4.0964567 1.5718504 4.0964567 1.6899606 3 P 0
L 4.0964567 2.6259843 4.1200787 2.6259843 3 P 0
L 4.0974409 1.5275591 4.0974409 1.5511811 3 P 0
L 4.0984252 1.4655512 4.0984252 1.4891732 3 P 0
L 4.1072835 2.5570866 4.1072835 2.5807086 3 P 0
L 4.1072835 2.6761811 4.1072835 2.6998031 3 P 0
L 4.1082677 2.6141733 4.1082677 2.6377953 3 P 0
L 4.156496 1.5098425 4.156496 1.5688977 3 P 0
L 4.1574803 1.4478346 4.1574803 1.5068898 3 P 0
L 4.1663386 2.53937 4.1663386 2.5984252 3 P 0
L 4.1663386 2.6584645 4.1663386 2.7175197 3 P 0
L 4.1673228 2.5964567 4.1673228 2.6555119 3 P 0
L 4.2303148 3.5915354 4.2303148 3.871063 3 P 0
L 4.2332678 1.7677165 4.2332678 2.7401575 3 P 0
L 4.2332678 1.7677165 4.9694882 1.7677165 3 P 0
L 4.2332678 2.7401575 4.9694882 2.7401575 3 P 0
L 4.2559054 2.8021653 4.2559054 2.9202755 3 P 0
L 4.2559054 2.8021653 4.3149606 2.8021653 3 P 0
L 4.2559054 2.9202755 4.3149606 2.9202755 3 P 0
L 4.273622 2.8612204 4.297244 2.8612204 3 P 0
L 4.285433 2.8494094 4.285433 2.8730314 3 P 0
L 4.3125983 2.8021653 4.3125983 2.9202755 3 P 0
L 4.3125983 2.8021653 4.3716535 2.8021653 3 P 0
L 4.3125983 2.9202755 4.3716535 2.9202755 3 P 0
L 4.3149606 2.8021653 4.3149606 2.9202755 3 P 0
L 4.3303149 2.8612204 4.3539369 2.8612204 3 P 0
L 4.3421259 2.8494094 4.3421259 2.8730314 3 P 0
L 4.3692912 2.8021653 4.3692912 2.9202755 3 P 0
L 4.3692912 2.8021653 4.4283464 2.8021653 3 P 0
L 4.3692912 2.9202755 4.4283464 2.9202755 3 P 0
L 4.371063 1.3622047 4.371063 1.5748031 3 P 0
L 4.371063 1.3622047 4.9655512 1.3622047 3 P 0
L 4.371063 1.5748031 4.9655512 1.5748031 3 P 0
L 4.3716535 2.8021653 4.3716535 2.9202755 3 P 0
L 4.3870078 2.8612204 4.4106298 2.8612204 3 P 0
L 4.3988188 2.8494094 4.3988188 2.8730314 3 P 0
L 4.4259841 2.8021653 4.4259841 2.9202755 3 P 0
L 4.4259841 2.8021653 4.4850393 2.8021653 3 P 0
L 4.4259841 2.9202755 4.4850393 2.9202755 3 P 0
L 4.4283464 2.8021653 4.4283464 2.9202755 3 P 0
L 4.4437007 2.8612204 4.4673227 2.8612204 3 P 0
L 4.4555117 2.8494094 4.4555117 2.8730314 3 P 0
L 4.482677 2.8021653 4.482677 2.9202755 3 P 0
L 4.482677 2.8021653 4.5417322 2.8021653 3 P 0
L 4.482677 2.9202755 4.5417322 2.9202755 3 P 0
L 4.4850393 2.8021653 4.4850393 2.9202755 3 P 0
L 4.5003936 2.8612204 4.5240156 2.8612204 3 P 0
L 4.5122046 2.8494094 4.5122046 2.8730314 3 P 0
L 4.5127952 3.6003937 4.5127952 3.8799213 3 P 0
L 4.5127952 3.6003937 4.8198818 3.6003937 3 P 0
L 4.5127952 3.8799213 4.8198818 3.8799213 3 P 0
L 4.5393699 2.8021653 4.5393699 2.9202755 3 P 0
L 4.5393699 2.8021653 4.5984251 2.8021653 3 P 0
L 4.5393699 2.9202755 4.5984251 2.9202755 3 P 0
L 4.5417322 2.8021653 4.5417322 2.9202755 3 P 0
L 4.5570865 2.8612204 4.5807085 2.8612204 3 P 0
L 4.5620078 1.5866142 4.5620078 1.7047244 3 P 0
L 4.5620078 1.5866142 4.621063 1.5866142 3 P 0
L 4.5620078 1.7047244 4.621063 1.7047244 3 P 0
L 4.5688975 2.8494094 4.5688975 2.8730314 3 P 0
L 4.5797244 1.6456693 4.6033464 1.6456693 3 P 0
L 4.581693 2.253937 4.621063 2.253937 3 P 0
L 4.5915354 1.6338583 4.5915354 1.6574803 3 P 0
L 4.5984251 2.8021653 4.5984251 2.9202755 3 P 0
L 4.601378 2.234252 4.601378 2.273622 3 P 0
L 4.621063 1.5866142 4.621063 1.7047244 3 P 0
L 4.6466535 3.7401575 4.6860235 3.7401575 3 P 0
L 4.6486221 1.4685039 4.6879921 1.4685039 3 P 0
L 4.6663385 3.7204725 4.6663385 3.7598425 3 P 0
L 4.6683071 1.4488189 4.6683071 1.4881889 3 P 0
L 4.6870078 2.7824803 4.6870078 2.9005905 3 P 0
L 4.6870078 2.7824803 4.746063 2.7824803 3 P 0
L 4.6870078 2.9005905 4.746063 2.9005905 3 P 0
L 4.7047244 2.8415354 4.7283464 2.8415354 3 P 0
L 4.7165354 2.8297244 4.7165354 2.8533464 3 P 0
L 4.746063 2.7824803 4.746063 2.9005905 3 P 0
L 4.7992126 2.9734251 4.7992126 3.0324803 3 P 0
L 4.7992126 2.9734251 4.9212598 2.9734251 3 P 0
L 4.7992126 3.0324803 4.9212598 3.0324803 3 P 0
L 4.8001968 2.9015747 4.8001968 2.9606299 3 P 0
L 4.8001968 2.9015747 4.922244 2.9015747 3 P 0
L 4.8001968 2.9606299 4.922244 2.9606299 3 P 0
L 4.8100394 1.5226378 4.8100394 1.581693 3 P 0
L 4.8100394 1.5226378 4.9281496 1.5226378 3 P 0
L 4.8100394 1.581693 4.9281496 1.581693 3 P 0
L 4.8129922 1.6358267 4.8129922 1.6948819 3 P 0
L 4.8129922 1.6358267 4.9350394 1.6358267 3 P 0
L 4.8129922 1.6948819 4.9350394 1.6948819 3 P 0
L 4.8198818 3.6003937 4.8198818 3.8799213 3 P 0
L 4.8405512 3.0029527 4.8799212 3.0029527 3 P 0
L 4.8415354 2.9311023 4.8809054 2.9311023 3 P 0
L 4.8543308 1.6653543 4.8937008 1.6653543 3 P 0
L 4.8572835 1.5521654 4.8809055 1.5521654 3 P 0
L 4.8602362 2.9832677 4.8602362 3.0226377 3 P 0
L 4.8612204 2.9114173 4.8612204 2.9507873 3 P 0
L 4.8690945 1.5403544 4.8690945 1.5639764 3 P 0
L 4.8740158 1.6456693 4.8740158 1.6850393 3 P 0
L 4.8996062 3.5501968 4.8996062 3.609252 3 P 0
L 4.8996062 3.5501968 5.0177164 3.5501968 3 P 0
L 4.8996062 3.6046587 4.8996062 3.6637139 3 P 0
L 4.8996062 3.6046587 5.0177164 3.6046587 3 P 0
L 4.8996062 3.609252 5.0177164 3.609252 3 P 0
L 4.8996062 3.6591206 4.8996062 3.7181758 3 P 0
L 4.8996062 3.6591206 5.0177164 3.6591206 3 P 0
L 4.8996062 3.6637139 5.0177164 3.6637139 3 P 0
L 4.8996062 3.7135825 4.8996062 3.7726377 3 P 0
L 4.8996062 3.7135825 5.0177164 3.7135825 3 P 0
L 4.8996062 3.7181758 5.0177164 3.7181758 3 P 0
L 4.8996062 3.7680444 4.8996062 3.8270996 3 P 0
L 4.8996062 3.7680444 5.0177164 3.7680444 3 P 0
L 4.8996062 3.7726377 5.0177164 3.7726377 3 P 0
L 4.8996062 3.8225063 4.8996062 3.8815615 3 P 0
L 4.8996062 3.8225063 5.0177164 3.8225063 3 P 0
L 4.8996062 3.8270996 5.0177164 3.8270996 3 P 0
L 4.8996062 3.8769682 4.8996062 3.9360234 3 P 0
L 4.8996062 3.8769682 5.0177164 3.8769682 3 P 0
L 4.8996062 3.8815615 5.0177164 3.8815615 3 P 0
L 4.8996062 3.9360234 5.0177164 3.9360234 3 P 0
L 4.9212598 2.9734251 4.9212598 3.0324803 3 P 0
L 4.922244 2.9015747 4.922244 2.9606299 3 P 0
L 4.9281496 1.5226378 4.9281496 1.581693 3 P 0
L 4.9350394 1.6358267 4.9350394 1.6948819 3 P 0
L 4.9468503 3.5797244 4.9704723 3.5797244 3 P 0
L 4.9468503 3.6341863 4.9704723 3.6341863 3 P 0
L 4.9468503 3.6886482 4.9704723 3.6886482 3 P 0
L 4.9468503 3.7431101 4.9704723 3.7431101 3 P 0
L 4.9468503 3.797572 4.9704723 3.797572 3 P 0
L 4.9468503 3.8520339 4.9704723 3.8520339 3 P 0
L 4.9468503 3.9064958 4.9704723 3.9064958 3 P 0
L 4.9586613 3.5679134 4.9586613 3.5915354 3 P 0
L 4.9586613 3.6223753 4.9586613 3.6459973 3 P 0
L 4.9586613 3.6768372 4.9586613 3.7004592 3 P 0
L 4.9586613 3.7312991 4.9586613 3.7549211 3 P 0
L 4.9586613 3.785761 4.9586613 3.809383 3 P 0
L 4.9586613 3.8402229 4.9586613 3.8638449 3 P 0
L 4.9586613 3.8946848 4.9586613 3.9183068 3 P 0
L 4.9655512 1.3622047 4.9655512 1.5748031 3 P 0
L 4.9694882 1.7677165 4.9694882 2.7401575 3 P 0
L 5.0177164 3.5501968 5.0177164 3.609252 3 P 0
L 5.0177164 3.6046587 5.0177164 3.6637139 3 P 0
L 5.0177164 3.6591206 5.0177164 3.7181758 3 P 0
L 5.0177164 3.7135825 5.0177164 3.7726377 3 P 0
L 5.0177164 3.7680444 5.0177164 3.8270996 3 P 0
L 5.0177164 3.8225063 5.0177164 3.8815615 3 P 0
L 5.0177164 3.8769682 5.0177164 3.9360234 3 P 0
L 5.105315 3.2194881 5.105315 3.2785433 3 P 0
L 5.105315 3.2194881 5.2273622 3.2194881 3 P 0
L 5.105315 3.2785433 5.2273622 3.2785433 3 P 0
L 5.105315 3.293307 5.105315 3.3523622 3 P 0
L 5.105315 3.293307 5.2273622 3.293307 3 P 0
L 5.105315 3.3523622 5.2273622 3.3523622 3 P 0
L 5.125 1.543307 5.125 1.6023622 3 P 0
L 5.125 1.543307 5.2431102 1.543307 3 P 0
L 5.125 1.6023622 5.2431102 1.6023622 3 P 0
L 5.125 1.6167114 5.125 1.6757666 3 P 0
L 5.125 1.6167114 5.2431102 1.6167114 3 P 0
L 5.125 1.6757666 5.2431102 1.6757666 3 P 0
L 5.125 1.6901158 5.125 1.749171 3 P 0
L 5.125 1.6901158 5.2431102 1.6901158 3 P 0
L 5.125 1.749171 5.2431102 1.749171 3 P 0
L 5.125 1.7635202 5.125 1.8225754 3 P 0
L 5.125 1.7635202 5.2431102 1.7635202 3 P 0
L 5.125 1.8225754 5.2431102 1.8225754 3 P 0
L 5.125 1.8369246 5.125 1.8959798 3 P 0
L 5.125 1.8369246 5.2431102 1.8369246 3 P 0
L 5.125 1.8959798 5.2431102 1.8959798 3 P 0
L 5.125 1.910329 5.125 1.9693842 3 P 0
L 5.125 1.910329 5.2431102 1.910329 3 P 0
L 5.125 1.9693842 5.2431102 1.9693842 3 P 0
L 5.125 1.9837334 5.125 2.0427886 3 P 0
L 5.125 1.9837334 5.2431102 1.9837334 3 P 0
L 5.125 2.0427886 5.2431102 2.0427886 3 P 0
L 5.125 2.0571378 5.125 2.116193 3 P 0
L 5.125 2.0571378 5.2431102 2.0571378 3 P 0
L 5.125 2.116193 5.2431102 2.116193 3 P 0
L 5.125 2.1305422 5.125 2.1895974 3 P 0
L 5.125 2.1305422 5.2431102 2.1305422 3 P 0
L 5.125 2.1895974 5.2431102 2.1895974 3 P 0
L 5.125 2.2039466 5.125 2.2630018 3 P 0
L 5.125 2.2039466 5.2431102 2.2039466 3 P 0
L 5.125 2.2630018 5.2431102 2.2630018 3 P 0
L 5.125 2.277351 5.125 2.3364062 3 P 0
L 5.125 2.277351 5.2431102 2.277351 3 P 0
L 5.125 2.3364062 5.2431102 2.3364062 3 P 0
L 5.125 2.3507554 5.125 2.4098106 3 P 0
L 5.125 2.3507554 5.2431102 2.3507554 3 P 0
L 5.125 2.4098106 5.2431102 2.4098106 3 P 0
L 5.125 2.4241598 5.125 2.483215 3 P 0
L 5.125 2.4241598 5.2431102 2.4241598 3 P 0
L 5.125 2.483215 5.2431102 2.483215 3 P 0
L 5.125 2.4975642 5.125 2.5566194 3 P 0
L 5.125 2.4975642 5.2431102 2.4975642 3 P 0
L 5.125 2.5566194 5.2431102 2.5566194 3 P 0
L 5.125 2.5709686 5.125 2.6300238 3 P 0
L 5.125 2.5709686 5.2431102 2.5709686 3 P 0
L 5.125 2.6300238 5.2431102 2.6300238 3 P 0
L 5.125 2.644373 5.125 2.7034282 3 P 0
L 5.125 2.644373 5.2431102 2.644373 3 P 0
L 5.125 2.7034282 5.2431102 2.7034282 3 P 0
L 5.125 2.7177774 5.125 2.7768326 3 P 0
L 5.125 2.7177774 5.2431102 2.7177774 3 P 0
L 5.125 2.7768326 5.2431102 2.7768326 3 P 0
L 5.125 2.7911818 5.125 2.850237 3 P 0
L 5.125 2.7911818 5.2431102 2.7911818 3 P 0
L 5.125 2.850237 5.2431102 2.850237 3 P 0
L 5.125 2.8645862 5.125 2.9236414 3 P 0
L 5.125 2.8645862 5.2431102 2.8645862 3 P 0
L 5.125 2.9236414 5.2431102 2.9236414 3 P 0
L 5.125 2.9379906 5.125 2.9970458 3 P 0
L 5.125 2.9379906 5.2431102 2.9379906 3 P 0
L 5.125 2.9970458 5.2431102 2.9970458 3 P 0
L 5.1466536 3.2490157 5.1860236 3.2490157 3 P 0
L 5.1466536 3.3228346 5.1860236 3.3228346 3 P 0
L 5.1663386 3.2293307 5.1663386 3.2687007 3 P 0
L 5.1663386 3.3031496 5.1663386 3.3425196 3 P 0
L 5.1722441 1.5728346 5.1958661 1.5728346 3 P 0
L 5.1722441 1.646239 5.1958661 1.646239 3 P 0
L 5.1722441 1.7196434 5.1958661 1.7196434 3 P 0
L 5.1722441 1.7930478 5.1958661 1.7930478 3 P 0
L 5.1722441 1.8664522 5.1958661 1.8664522 3 P 0
L 5.1722441 1.9398566 5.1958661 1.9398566 3 P 0
L 5.1722441 2.013261 5.1958661 2.013261 3 P 0
L 5.1722441 2.0866654 5.1958661 2.0866654 3 P 0
L 5.1722441 2.1600698 5.1958661 2.1600698 3 P 0
L 5.1722441 2.2334742 5.1958661 2.2334742 3 P 0
L 5.1722441 2.3068786 5.1958661 2.3068786 3 P 0
L 5.1722441 2.380283 5.1958661 2.380283 3 P 0
L 5.1722441 2.4536874 5.1958661 2.4536874 3 P 0
L 5.1722441 2.5270918 5.1958661 2.5270918 3 P 0
L 5.1722441 2.6004962 5.1958661 2.6004962 3 P 0
L 5.1722441 2.6739006 5.1958661 2.6739006 3 P 0
L 5.1722441 2.747305 5.1958661 2.747305 3 P 0
L 5.1722441 2.8207094 5.1958661 2.8207094 3 P 0
L 5.1722441 2.8941138 5.1958661 2.8941138 3 P 0
L 5.1722441 2.9675182 5.1958661 2.9675182 3 P 0
L 5.1840551 1.5610236 5.1840551 1.5846456 3 P 0
L 5.1840551 1.634428 5.1840551 1.65805 3 P 0
L 5.1840551 1.7078324 5.1840551 1.7314544 3 P 0
L 5.1840551 1.7812368 5.1840551 1.8048588 3 P 0
L 5.1840551 1.8546412 5.1840551 1.8782632 3 P 0
L 5.1840551 1.9280456 5.1840551 1.9516676 3 P 0
L 5.1840551 2.00145 5.1840551 2.025072 3 P 0
L 5.1840551 2.0748544 5.1840551 2.0984764 3 P 0
L 5.1840551 2.1482588 5.1840551 2.1718808 3 P 0
L 5.1840551 2.2216632 5.1840551 2.2452852 3 P 0
L 5.1840551 2.2950676 5.1840551 2.3186896 3 P 0
L 5.1840551 2.368472 5.1840551 2.392094 3 P 0
L 5.1840551 2.4418764 5.1840551 2.4654984 3 P 0
L 5.1840551 2.5152808 5.1840551 2.5389028 3 P 0
L 5.1840551 2.5886852 5.1840551 2.6123072 3 P 0
L 5.1840551 2.6620896 5.1840551 2.6857116 3 P 0
L 5.1840551 2.735494 5.1840551 2.759116 3 P 0
L 5.1840551 2.8088984 5.1840551 2.8325204 3 P 0
L 5.1840551 2.8823028 5.1840551 2.9059248 3 P 0
L 5.1840551 2.9557072 5.1840551 2.9793292 3 P 0
L 5.2273622 3.2194881 5.2273622 3.2785433 3 P 0
L 5.2273622 3.293307 5.2273622 3.3523622 3 P 0
L 5.2431102 1.543307 5.2431102 1.6023622 3 P 0
L 5.2431102 1.6167114 5.2431102 1.6757666 3 P 0
L 5.2431102 1.6901158 5.2431102 1.749171 3 P 0
L 5.2431102 1.7635202 5.2431102 1.8225754 3 P 0
L 5.2431102 1.8369246 5.2431102 1.8959798 3 P 0
L 5.2431102 1.910329 5.2431102 1.9693842 3 P 0
L 5.2431102 1.9837334 5.2431102 2.0427886 3 P 0
L 5.2431102 2.0571378 5.2431102 2.116193 3 P 0
L 5.2431102 2.1305422 5.2431102 2.1895974 3 P 0
L 5.2431102 2.2039466 5.2431102 2.2630018 3 P 0
L 5.2431102 2.277351 5.2431102 2.3364062 3 P 0
L 5.2431102 2.3507554 5.2431102 2.4098106 3 P 0
L 5.2431102 2.4241598 5.2431102 2.483215 3 P 0
L 5.2431102 2.4975642 5.2431102 2.5566194 3 P 0
L 5.2431102 2.5709686 5.2431102 2.6300238 3 P 0
L 5.2431102 2.644373 5.2431102 2.7034282 3 P 0
L 5.2431102 2.7177774 5.2431102 2.7768326 3 P 0
L 5.2431102 2.7911818 5.2431102 2.850237 3 P 0
L 5.2431102 2.8645862 5.2431102 2.9236414 3 P 0
L 5.2431102 2.9379906 5.2431102 2.9970458 3 P 0
L 5.4714567 1.1338583 5.4714567 1.2834645 3 P 0
L 5.4714567 1.1338583 5.6092519 1.1338583 3 P 0
L 5.4714567 1.2834645 5.6092519 1.2834645 3 P 0
L 5.4734252 0.0570867 5.4734252 0.2066929 3 P 0
L 5.4734252 0.0570867 5.6112204 0.0570867 3 P 0
L 5.4734252 0.2057087 5.4734252 0.3553149 3 P 0
L 5.4734252 0.2057087 5.6112204 0.2057087 3 P 0
L 5.4734252 0.2066929 5.6112204 0.2066929 3 P 0
L 5.4734252 0.3553149 5.6112204 0.3553149 3 P 0
L 5.4734252 0.9852363 5.4734252 1.1348425 3 P 0
L 5.4734252 0.9852363 5.6112204 0.9852363 3 P 0
L 5.4734252 1.1348425 5.6112204 1.1348425 3 P 0
L 5.4744095 2.8572835 5.4744095 3.0068897 3 P 0
L 5.4744095 2.8572835 5.6122047 2.8572835 3 P 0
L 5.4744095 3.0068897 5.6122047 3.0068897 3 P 0
L 5.476378 3.0068898 5.476378 3.156496 3 P 0
L 5.476378 3.0068898 5.6141732 3.0068898 3 P 0
L 5.476378 3.156496 5.6141732 3.156496 3 P 0
L 5.480315 2.0738189 5.480315 2.2234251 3 P 0
L 5.480315 2.0738189 5.6181102 2.0738189 3 P 0
L 5.480315 2.2234251 5.6181102 2.2234251 3 P 0
L 5.4812993 1.9301182 5.4812993 2.0797244 3 P 0
L 5.4812993 1.9301182 5.6190945 1.9301182 3 P 0
L 5.4812993 2.0797244 5.6190945 2.0797244 3 P 0
L 5.488189 3.7903544 5.488189 3.9399606 3 P 0
L 5.488189 3.7903544 5.6259842 3.7903544 3 P 0
L 5.488189 3.9399606 5.6259842 3.9399606 3 P 0
L 5.488189 3.9438977 5.488189 4.0935039 3 P 0
L 5.488189 3.9438977 5.6259842 3.9438977 3 P 0
L 5.488189 4.0935039 5.6259842 4.0935039 3 P 0
L 5.5206693 1.2086614 5.5600393 1.2086614 3 P 0
L 5.5226378 0.1318898 5.5620078 0.1318898 3 P 0
L 5.5226378 0.2805118 5.5620078 0.2805118 3 P 0
L 5.5226378 1.0600394 5.5620078 1.0600394 3 P 0
L 5.5236221 2.9320866 5.5629921 2.9320866 3 P 0
L 5.5255906 3.0816929 5.5649606 3.0816929 3 P 0
L 5.5295276 2.148622 5.5688976 2.148622 3 P 0
L 5.5305119 2.0049213 5.5698819 2.0049213 3 P 0
L 5.5374016 3.8651575 5.5767716 3.8651575 3 P 0
L 5.5374016 4.0187008 5.5767716 4.0187008 3 P 0
L 5.5403543 1.1889764 5.5403543 1.2283464 3 P 0
L 5.5423228 0.1122048 5.5423228 0.1515748 3 P 0
L 5.5423228 0.2608268 5.5423228 0.3001968 3 P 0
L 5.5423228 1.0403544 5.5423228 1.0797244 3 P 0
L 5.5433071 2.9124016 5.5433071 2.9517716 3 P 0
L 5.5452756 3.0620079 5.5452756 3.1013779 3 P 0
L 5.5492126 2.128937 5.5492126 2.168307 3 P 0
L 5.5501969 1.9852363 5.5501969 2.0246063 3 P 0
L 5.5570866 3.8454725 5.5570866 3.8848425 3 P 0
L 5.5570866 3.9990158 5.5570866 4.0383858 3 P 0
L 5.5872986 4.5874328 5.5872986 4.677984 3 P 0
L 5.5872986 4.5874328 5.768401 4.5874328 3 P 0
L 5.5872986 4.677984 5.768401 4.677984 3 P 0
L 5.6092519 1.1338583 5.6092519 1.2834645 3 P 0
L 5.6112204 0.0570867 5.6112204 0.2066929 3 P 0
L 5.6112204 0.2057087 5.6112204 0.3553149 3 P 0
L 5.6112204 0.9852363 5.6112204 1.1348425 3 P 0
L 5.6122047 2.8572835 5.6122047 3.0068897 3 P 0
L 5.6141732 3.0068898 5.6141732 3.156496 3 P 0
L 5.6181102 2.0738189 5.6181102 2.2234251 3 P 0
L 5.6190945 1.9301182 5.6190945 2.0797244 3 P 0
L 5.6259842 3.7903544 5.6259842 3.9399606 3 P 0
L 5.6259842 3.9438977 5.6259842 4.0935039 3 P 0
L 5.6643701 3.5334646 5.6643701 3.5925198 3 P 0
L 5.6643701 3.5334646 5.7824803 3.5334646 3 P 0
L 5.6643701 3.5925198 5.7824803 3.5925198 3 P 0
L 5.6660388 4.6327084 5.6896608 4.6327084 3 P 0
L 5.6664093 -0.1653401 5.7845195 -0.1653401 3 P 0
L 5.6664093 -0.2243953 5.6664093 -0.1653401 3 P 0
L 5.6664093 -0.2243953 5.7845195 -0.2243953 3 P 0
L 5.6664093 1.6614312 5.6664093 1.7204864 3 P 0
L 5.6664093 1.6614312 5.7845195 1.6614312 3 P 0
L 5.6664093 1.7204864 5.7845195 1.7204864 3 P 0
L 5.6675196 2.6015733 5.6675196 2.6606285 3 P 0
L 5.6675196 2.6015733 5.7856298 2.6015733 3 P 0
L 5.6675196 2.6606285 5.7856298 2.6606285 3 P 0
L 5.6753068 0.7102503 5.6753068 0.7693055 3 P 0
L 5.6753068 0.7102503 5.793417 0.7102503 3 P 0
L 5.6753068 0.7693055 5.793417 0.7693055 3 P 0
L 5.6778498 4.6208974 5.6778498 4.6445194 3 P 0
L 5.7116142 3.5629922 5.7352362 3.5629922 3 P 0
L 5.7136534 -0.1948677 5.7372754 -0.1948677 3 P 0
L 5.7136534 1.6909588 5.7372754 1.6909588 3 P 0
L 5.7147637 2.6311009 5.7383857 2.6311009 3 P 0
L 5.7225509 0.7397779 5.7461729 0.7397779 3 P 0
L 5.7234252 3.5511812 5.7234252 3.5748032 3 P 0
L 5.7254644 -0.2066787 5.7254644 -0.1830567 3 P 0
L 5.7254644 1.6791478 5.7254644 1.7027698 3 P 0
L 5.7265747 2.6192899 5.7265747 2.6429119 3 P 0
L 5.7343619 0.7279669 5.7343619 0.7515889 3 P 0
L 5.768401 4.5874328 5.768401 4.677984 3 P 0
L 5.7824803 3.5334646 5.7824803 3.5925198 3 P 0
L 5.7845195 -0.2243953 5.7845195 -0.1653401 3 P 0
L 5.7845195 1.6614312 5.7845195 1.7204864 3 P 0
L 5.7856298 2.6015733 5.7856298 2.6606285 3 P 0
L 5.7913385 4.6013779 5.7913385 4.6604331 3 P 0
L 5.7913385 4.6013779 5.9133857 4.6013779 3 P 0
L 5.7913385 4.6604331 5.9133857 4.6604331 3 P 0
L 5.793417 0.7102503 5.793417 0.7693055 3 P 0
L 5.8326771 4.6309055 5.8720471 4.6309055 3 P 0
L 5.8523621 4.6112205 5.8523621 4.6505905 3 P 0
L 5.9133857 4.6013779 5.9133857 4.6604331 3 P 0
L 6.4340551 -0.3937002 6.4340551 4.7244098 0 P 0
